0 6.35000000e-06 6.66641336e-01 6.66641336e-01 6.66641336e-01 6.66641336e-01
1 6.35099800e-06 6.66641336e-01 6.66641336e-01 6.66641336e-01 6.66641336e-01
2 6.35199601e-06 6.66641336e-01 6.66641336e-01 6.66641336e-01 6.66641336e-01
3 6.35299401e-06 6.66641336e-01 6.66641336e-01 6.66641336e-01 6.66641336e-01
4 6.35399202e-06 6.66641336e-01 6.66641336e-01 6.66641336e-01 6.66641336e-01
5 6.35499002e-06 6.66641336e-01 6.66641336e-01 6.66641336e-01 6.66641336e-01
6 6.35598802e-06 6.66641336e-01 6.66641336e-01 6.66641336e-01 6.66641336e-01
7 6.35698603e-06 6.66641336e-01 6.66641336e-01 6.66641336e-01 6.66641336e-01
8 6.35798403e-06 6.66641336e-01 6.66641336e-01 6.66641336e-01 6.66641336e-01
9 6.35898204e-06 6.66641336e-01 6.66641336e-01 6.66641336e-01 6.66641336e-01
10 6.35998004e-06 6.66641336e-01 6.66641336e-01 6.66641336e-01 6.66641336e-01
11 6.36097804e-06 6.66641336e-01 6.66641336e-01 6.66641336e-01 6.66641336e-01
12 6.36197605e-06 6.66641336e-01 6.66641336e-01 6.66641336e-01 6.66641336e-01
13 6.36297405e-06 6.66641336e-01 6.66641336e-01 6.66641336e-01 6.66641336e-01
14 6.36397206e-06 6.66641336e-01 6.66641336e-01 6.66641336e-01 6.66641336e-01
15 6.36497006e-06 6.66641336e-01 6.66641336e-01 6.66641336e-01 6.66641336e-01
16 6.36596806e-06 6.66641336e-01 6.66641336e-01 6.66641336e-01 6.66641336e-01
17 6.36696607e-06 6.66641336e-01 6.66641336e-01 6.66641336e-01 6.66641336e-01
18 6.36796407e-06 6.66641336e-01 6.66641336e-01 6.66641336e-01 6.66641336e-01
19 6.36896208e-06 6.66641336e-01 6.66641336e-01 6.66641336e-01 6.66641336e-01
20 6.36996008e-06 6.66641336e-01 6.66641336e-01 6.66641336e-01 6.66641336e-01
21 6.37095808e-06 6.66641336e-01 6.66641336e-01 6.66641336e-01 6.66641336e-01
22 6.37195609e-06 6.66641336e-01 6.66641336e-01 6.66641336e-01 6.66641336e-01
23 6.37295409e-06 6.66641336e-01 6.66641336e-01 6.66641336e-01 6.66641336e-01
24 6.37395210e-06 6.66641336e-01 6.66641336e-01 6.66641336e-01 6.66641336e-01
25 6.37495010e-06 6.66641336e-01 6.66641336e-01 6.66641336e-01 6.66641336e-01
26 6.37594810e-06 6.66641336e-01 6.66641336e-01 6.66641336e-01 6.66641336e-01
27 6.37694611e-06 6.66641336e-01 6.66641336e-01 6.66641336e-01 6.66641336e-01
28 6.37794411e-06 6.66641336e-01 6.66641336e-01 6.66641336e-01 6.66641336e-01
29 6.37894212e-06 6.66641336e-01 6.66641336e-01 6.66641336e-01 6.66641336e-01
30 6.37994012e-06 6.66641336e-01 6.66641336e-01 6.66641336e-01 6.66641336e-01
31 6.38093812e-06 6.66641336e-01 6.66641336e-01 6.66641336e-01 6.66641336e-01
32 6.38193613e-06 6.66641336e-01 6.66641336e-01 6.66641336e-01 6.66641336e-01
33 6.38293413e-06 6.66641336e-01 6.66641336e-01 6.66641336e-01 6.66641336e-01
34 6.38393214e-06 6.66641336e-01 6.66641336e-01 6.66641336e-01 6.66641336e-01
35 6.38493014e-06 6.66641336e-01 6.66641336e-01 6.66641336e-01 6.66641336e-01
36 6.38592814e-06 6.66641336e-01 6.66641336e-01 6.66641336e-01 6.66641336e-01
37 6.38692615e-06 6.66641336e-01 6.66641336e-01 6.66641336e-01 6.66641336e-01
38 6.38792415e-06 6.66641336e-01 6.66641336e-01 6.66641336e-01 6.66641336e-01
39 6.38892216e-06 6.66641336e-01 6.66641336e-01 6.66641336e-01 6.66641336e-01
40 6.38992016e-06 6.66641336e-01 6.66641336e-01 6.66641336e-01 6.66641336e-01
41 6.39091816e-06 6.66641336e-01 6.66641336e-01 6.66641336e-01 6.66641336e-01
42 6.39191617e-06 6.66641336e-01 6.66641336e-01 6.66641336e-01 6.66641336e-01
43 6.39291417e-06 6.66641336e-01 6.66641336e-01 6.66641336e-01 6.66641336e-01
44 6.39391218e-06 6.66641336e-01 6.66641336e-01 6.66641336e-01 6.66641336e-01
45 6.39491018e-06 6.66641336e-01 6.66641336e-01 6.66641336e-01 6.66641336e-01
46 6.39590818e-06 6.66641336e-01 6.66641336e-01 6.66641336e-01 6.66641336e-01
47 6.39690619e-06 6.66641336e-01 6.66641336e-01 6.66641336e-01 6.66641336e-01
48 6.39790419e-06 6.66641336e-01 6.66641336e-01 6.66641336e-01 6.66641336e-01
49 6.39890220e-06 6.66641336e-01 6.66641336e-01 6.66641336e-01 6.66641336e-01
50 6.39990020e-06 6.66641336e-01 6.66641336e-01 6.66641336e-01 6.66641336e-01
51 6.40089820e-06 6.66641336e-01 6.66641336e-01 6.66641336e-01 6.66641336e-01
52 6.40189621e-06 6.66641336e-01 6.66641336e-01 6.66641336e-01 6.66641336e-01
53 6.40289421e-06 6.66641336e-01 6.66641336e-01 6.66641336e-01 6.66641336e-01
54 6.40389222e-06 6.66641336e-01 6.66641336e-01 6.66641336e-01 6.66641336e-01
55 6.40489022e-06 6.66641336e-01 6.66641336e-01 6.66641336e-01 6.66641336e-01
56 6.40588822e-06 6.66641336e-01 6.66641336e-01 6.66641336e-01 6.66641336e-01
57 6.40688623e-06 6.66641336e-01 6.66641336e-01 6.66641336e-01 6.66641336e-01
58 6.40788423e-06 6.66641336e-01 6.66641336e-01 6.66641336e-01 6.66641336e-01
59 6.40888224e-06 6.66641336e-01 6.66641336e-01 6.66641336e-01 6.66641336e-01
60 6.40988024e-06 6.66641336e-01 6.66641336e-01 6.66641336e-01 6.66641336e-01
61 6.41087824e-06 6.66641336e-01 6.66641336e-01 6.66641336e-01 6.66641336e-01
62 6.41187625e-06 6.66641336e-01 6.66641336e-01 6.66641336e-01 6.66641336e-01
63 6.41287425e-06 6.66641336e-01 6.66641336e-01 6.66641336e-01 6.66641336e-01
64 6.41387226e-06 6.66641336e-01 6.66641336e-01 6.66641336e-01 6.66641336e-01
65 6.41487026e-06 6.66641336e-01 6.66641336e-01 6.66641336e-01 6.66641336e-01
66 6.41586826e-06 6.66641336e-01 6.66641336e-01 6.66641336e-01 6.66641336e-01
67 6.41686627e-06 6.66641336e-01 6.66641336e-01 6.66641336e-01 6.66641336e-01
68 6.41786427e-06 6.66641336e-01 6.66641336e-01 6.66641336e-01 6.66641336e-01
69 6.41886228e-06 6.66641336e-01 6.66641336e-01 6.66641336e-01 6.66641336e-01
70 6.41986028e-06 6.66641336e-01 6.66641336e-01 6.66641336e-01 6.66641336e-01
71 6.42085828e-06 6.66641336e-01 6.66641336e-01 6.66641336e-01 6.66641336e-01
72 6.42185629e-06 6.66641336e-01 6.66641336e-01 6.66641336e-01 6.66641336e-01
73 6.42285429e-06 6.66641336e-01 6.66641336e-01 6.66641336e-01 6.66641336e-01
74 6.42385230e-06 6.66641336e-01 6.66641336e-01 6.66641336e-01 6.66641336e-01
75 6.42485030e-06 6.66641336e-01 6.66641336e-01 6.66641336e-01 6.66641336e-01
76 6.42584830e-06 6.66641336e-01 6.66641336e-01 6.66641336e-01 6.66641336e-01
77 6.42684631e-06 6.66641336e-01 6.66641336e-01 6.66641336e-01 6.66641336e-01
78 6.42784431e-06 6.66641336e-01 6.66641336e-01 6.66641336e-01 6.66641336e-01
79 6.42884232e-06 6.66641336e-01 6.66641336e-01 6.66641336e-01 6.66641336e-01
80 6.42984032e-06 6.66641336e-01 6.66641336e-01 6.66641336e-01 6.66641336e-01
81 6.43083832e-06 6.66641336e-01 6.66641336e-01 6.66641336e-01 6.66641336e-01
82 6.43183633e-06 6.66641336e-01 6.66641336e-01 6.66641336e-01 6.66641336e-01
83 6.43283433e-06 6.66641336e-01 6.66641336e-01 6.66641336e-01 6.66641336e-01
84 6.43383234e-06 6.66641336e-01 6.66641336e-01 6.66641336e-01 6.66641336e-01
85 6.43483034e-06 6.66641336e-01 6.66641336e-01 6.66641336e-01 6.66641336e-01
86 6.43582834e-06 6.66641336e-01 6.66641336e-01 6.66641336e-01 6.66641336e-01
87 6.43682635e-06 6.66641336e-01 6.66641336e-01 6.66641336e-01 6.66641336e-01
88 6.43782435e-06 6.66641336e-01 6.66641336e-01 6.66641336e-01 6.66641336e-01
89 6.43882236e-06 6.66641336e-01 6.66641336e-01 6.66641336e-01 6.66641336e-01
90 6.43982036e-06 6.66641336e-01 6.66641336e-01 6.66641336e-01 6.66641336e-01
91 6.44081836e-06 6.66641336e-01 6.66641336e-01 6.66641336e-01 6.66641336e-01
92 6.44181637e-06 6.66641336e-01 6.66641336e-01 6.66641336e-01 6.66641336e-01
93 6.44281437e-06 6.66641336e-01 6.66641336e-01 6.66641336e-01 6.66641336e-01
94 6.44381238e-06 6.66641336e-01 6.66641336e-01 6.66641336e-01 6.66641336e-01
95 6.44481038e-06 6.66641336e-01 6.66641336e-01 6.66641336e-01 6.66641336e-01
96 6.44580838e-06 6.66641336e-01 6.66641336e-01 6.66641336e-01 6.66641336e-01
97 6.44680639e-06 6.66641336e-01 6.66641336e-01 6.66641336e-01 6.66641336e-01
98 6.44780439e-06 6.66641336e-01 6.66641336e-01 6.66641336e-01 6.66641336e-01
99 6.44880240e-06 6.66641336e-01 6.66641336e-01 6.66641336e-01 6.66641336e-01
100 6.44980040e-06 6.66641336e-01 6.66641336e-01 6.66641336e-01 6.66641336e-01
101 6.45079840e-06 6.66641336e-01 6.66641336e-01 6.66641336e-01 6.66641336e-01
102 6.45179641e-06 6.66641336e-01 6.66641336e-01 6.66641336e-01 6.66641336e-01
103 6.45279441e-06 6.66641336e-01 6.66641336e-01 6.66641336e-01 6.66641336e-01
104 6.45379242e-06 6.66641336e-01 6.66641336e-01 6.66641336e-01 6.66641336e-01
105 6.45479042e-06 6.66641336e-01 6.66641336e-01 6.66641336e-01 6.66641336e-01
106 6.45578842e-06 6.66641336e-01 6.66641336e-01 6.66641336e-01 6.66641336e-01
107 6.45678643e-06 6.66641336e-01 6.66641336e-01 6.66641336e-01 6.66641336e-01
108 6.45778443e-06 6.66641336e-01 6.66641336e-01 6.66641336e-01 6.66641336e-01
109 6.45878244e-06 6.66641336e-01 6.66641336e-01 6.66641336e-01 6.66641336e-01
110 6.45978044e-06 6.66641336e-01 6.66641336e-01 6.66641336e-01 6.66641336e-01
111 6.46077844e-06 6.66641336e-01 6.66641336e-01 6.66641336e-01 6.66641336e-01
112 6.46177645e-06 6.66641336e-01 6.66641336e-01 6.66641336e-01 6.66641336e-01
113 6.46277445e-06 6.66641336e-01 6.66641336e-01 6.66641336e-01 6.66641336e-01
114 6.46377246e-06 6.66641336e-01 6.66641336e-01 6.66641336e-01 6.66641336e-01
115 6.46477046e-06 6.66641336e-01 6.66641336e-01 6.66641336e-01 6.66641336e-01
116 6.46576846e-06 6.66641336e-01 6.66641336e-01 6.66641336e-01 6.66641336e-01
117 6.46676647e-06 6.66641336e-01 6.66641336e-01 6.66641336e-01 6.66641336e-01
118 6.46776447e-06 6.66641336e-01 6.66641336e-01 6.66641336e-01 6.66641336e-01
119 6.46876248e-06 6.66641336e-01 6.66641336e-01 6.66641336e-01 6.66641336e-01
120 6.46976048e-06 6.66641336e-01 6.66641336e-01 6.66641336e-01 6.66641336e-01
121 6.47075848e-06 6.66641336e-01 6.66641336e-01 6.66641336e-01 6.66641336e-01
122 6.47175649e-06 6.66641336e-01 6.66641336e-01 6.66641336e-01 6.66641336e-01
123 6.47275449e-06 6.66641336e-01 6.66641336e-01 6.66641336e-01 6.66641336e-01
124 6.47375250e-06 6.67400628e-01 6.67400628e-01 6.67400628e-01 6.67400628e-01
125 6.47475050e-06 6.68063468e-01 6.68063468e-01 6.68063468e-01 6.68063468e-01
126 6.47574850e-06 6.70794649e-01 6.70794649e-01 6.70794649e-01 6.70794649e-01
127 6.47674651e-06 6.75073007e-01 6.75073007e-01 6.75073007e-01 6.75073007e-01
128 6.47774451e-06 6.82732026e-01 6.82732026e-01 6.82732026e-01 6.82732026e-01
129 6.47874251e-06 6.95483813e-01 6.95483813e-01 6.95483813e-01 6.95483813e-01
130 6.47974052e-06 7.19631032e-01 7.19631032e-01 7.19631032e-01 7.19631032e-01
131 6.48073852e-06 7.60160099e-01 7.60160099e-01 7.60160099e-01 7.60160099e-01
132 6.48173653e-06 8.28458575e-01 8.28458575e-01 8.28458575e-01 8.28458575e-01
133 6.48273453e-06 9.41534931e-01 9.41534931e-01 9.41534931e-01 9.41534931e-01
134 6.48373253e-06 1.12809901e+00 1.12809901e+00 1.12809901e+00 1.12809901e+00
135 6.48473054e-06 1.43070303e+00 1.43070303e+00 1.43070303e+00 1.43070303e+00
136 6.48572854e-06 1.90964887e+00 1.90964887e+00 1.90964887e+00 1.90964887e+00
137 6.48672655e-06 2.65972101e+00 2.65972101e+00 2.65972101e+00 2.65972101e+00
138 6.48772455e-06 3.81539143e+00 3.81539143e+00 3.81539143e+00 3.81539143e+00
139 6.48872255e-06 5.57192039e+00 5.57192039e+00 5.57192039e+00 5.57192039e+00
140 6.48972056e-06 8.19837709e+00 8.19837709e+00 8.19837709e+00 8.19837709e+00
141 6.49071856e-06 1.20711507e+01 1.20711507e+01 1.20711507e+01 1.20711507e+01
142 6.49171657e-06 1.76914770e+01 1.76914770e+01 1.76914770e+01 1.76914770e+01
143 6.49271457e-06 2.57327677e+01 2.57327677e+01 2.57327677e+01 2.57327677e+01
144 6.49371257e-06 3.70643428e+01 3.70643428e+01 3.70643428e+01 3.70643428e+01
145 6.49471058e-06 5.28013002e+01 5.28013002e+01 5.28013002e+01 5.28013002e+01
146 6.49570858e-06 7.43361549e+01 7.43361549e+01 7.43361549e+01 7.43361549e+01
147 6.49670659e-06 1.03380226e+02 1.03380226e+02 1.03380226e+02 1.03380226e+02
148 6.49770459e-06 1.41988023e+02 1.41988023e+02 1.41988023e+02 1.41988023e+02
149 6.49870259e-06 1.92574051e+02 1.92574051e+02 1.92574051e+02 1.92574051e+02
150 6.49970060e-06 2.57910357e+02 2.57910357e+02 2.57910357e+02 2.57910357e+02
151 6.50069860e-06 3.41113479e+02 3.41113479e+02 3.41113479e+02 3.41113479e+02
152 6.50169661e-06 4.45590578e+02 4.45590578e+02 4.45590578e+02 4.45590578e+02
153 6.50269461e-06 5.74961954e+02 5.74961954e+02 5.74961954e+02 5.74961954e+02
154 6.50369261e-06 7.32965981e+02 7.32965981e+02 7.32965981e+02 7.32965981e+02
155 6.50469062e-06 9.23315471e+02 9.23315471e+02 9.23315471e+02 9.23315471e+02
156 6.50568862e-06 1.14954710e+03 1.14954710e+03 1.14954710e+03 1.14954710e+03
157 6.50668663e-06 1.41483815e+03 1.41483815e+03 1.41483815e+03 1.41483815e+03
158 6.50768463e-06 1.72181661e+03 1.72181661e+03 1.72181661e+03 1.72181661e+03
159 6.50868263e-06 2.07237042e+03 2.07237042e+03 2.07237042e+03 2.07237042e+03
160 6.50968064e-06 2.46746180e+03 2.46746180e+03 2.46746180e+03 2.46746180e+03
161 6.51067864e-06 2.90696483e+03 2.90696483e+03 2.90696483e+03 2.90696483e+03
162 6.51167665e-06 3.38953327e+03 3.38953327e+03 3.38953327e+03 3.38953327e+03
163 6.51267465e-06 3.91250560e+03 3.91250560e+03 3.91250560e+03 3.91250560e+03
164 6.51367265e-06 4.47187465e+03 4.47187465e+03 4.47187465e+03 4.47187465e+03
165 6.51467066e-06 5.06230499e+03 5.06230499e+03 5.06230499e+03 5.06230499e+03
166 6.51566866e-06 5.67721558e+03 5.67721558e+03 5.67721558e+03 5.67721558e+03
167 6.51666667e-06 6.30892659e+03 6.30892659e+03 6.30892659e+03 6.30892659e+03
168 6.51766467e-06 6.94886806e+03 6.94886806e+03 6.94886806e+03 6.94886806e+03
169 6.51866267e-06 7.58784121e+03 7.58784121e+03 7.58784121e+03 7.58784121e+03
170 6.51966068e-06 8.21632592e+03 8.21632592e+03 8.21632592e+03 8.21632592e+03
171 6.52065868e-06 8.82481387e+03 8.82481387e+03 8.82481387e+03 8.82481387e+03
172 6.52165669e-06 9.40415286e+03 9.40415286e+03 9.40415286e+03 9.40415286e+03
173 6.52265469e-06 9.94587879e+03 9.94587879e+03 9.94587879e+03 9.94587879e+03
174 6.52365269e-06 1.04425126e+04 1.04425126e+04 1.04425126e+04 1.04425126e+04
175 6.52465070e-06 1.08878045e+04 1.08878045e+04 1.08878045e+04 1.08878045e+04
176 6.52564870e-06 1.12769020e+04 1.12769020e+04 1.12769020e+04 1.12769020e+04
177 6.52664671e-06 1.16064373e+04 1.16064373e+04 1.16064373e+04 1.16064373e+04
178 6.52764471e-06 1.18745242e+04 1.18745242e+04 1.18745242e+04 1.18745242e+04
179 6.52864271e-06 1.20806745e+04 1.20806745e+04 1.20806745e+04 1.20806745e+04
180 6.52964072e-06 1.22256441e+04 1.22256441e+04 1.22256441e+04 1.22256441e+04
181 6.53063872e-06 1.23112305e+04 1.23112305e+04 1.23112305e+04 1.23112305e+04
182 6.53163673e-06 1.23400476e+04 1.23400476e+04 1.23400476e+04 1.23400476e+04
183 6.53263473e-06 1.23153020e+04 1.23153020e+04 1.23153020e+04 1.23153020e+04
184 6.53363273e-06 1.22405923e+04 1.22405923e+04 1.22405923e+04 1.22405923e+04
185 6.53463074e-06 1.21197510e+04 1.21197510e+04 1.21197510e+04 1.21197510e+04
186 6.53562874e-06 1.19567273e+04 1.19567273e+04 1.19567273e+04 1.19567273e+04
187 6.53662675e-06 1.17555177e+04 1.17555177e+04 1.17555177e+04 1.17555177e+04
188 6.53762475e-06 1.15201313e+04 1.15201313e+04 1.15201313e+04 1.15201313e+04
189 6.53862275e-06 1.12545653e+04 1.12545653e+04 1.12545653e+04 1.12545653e+04
190 6.53962076e-06 1.09627832e+04 1.09627832e+04 1.09627832e+04 1.09627832e+04
191 6.54061876e-06 1.06486752e+04 1.06486752e+04 1.06486752e+04 1.06486752e+04
192 6.54161677e-06 1.03159937e+04 1.03159937e+04 1.03159937e+04 1.03159937e+04
193 6.54261477e-06 9.96826369e+03 9.96826369e+03 9.96826369e+03 9.96826369e+03
194 6.54361277e-06 9.60867576e+03 9.60867576e+03 9.60867576e+03 9.60867576e+03
195 6.54461078e-06 9.23998939e+03 9.23998939e+03 9.23998939e+03 9.23998939e+03
196 6.54560878e-06 8.86445203e+03 8.86445203e+03 8.86445203e+03 8.86445203e+03
197 6.54660679e-06 8.48376809e+03 8.48376809e+03 8.48376809e+03 8.48376809e+03
198 6.54760479e-06 8.09912869e+03 8.09912869e+03 8.09912869e+03 8.09912869e+03
199 6.54860279e-06 7.71130961e+03 7.71130961e+03 7.71130961e+03 7.71130961e+03
200 6.54960080e-06 7.32083254e+03 7.32083254e+03 7.32083254e+03 7.32083254e+03
201 6.55059880e-06 6.92817283e+03 6.92817283e+03 6.92817283e+03 6.92817283e+03
202 6.55159681e-06 6.53398763e+03 6.53398763e+03 6.53398763e+03 6.53398763e+03
203 6.55259481e-06 6.13933246e+03 6.13933246e+03 6.13933246e+03 6.13933246e+03
204 6.55359281e-06 5.74583458e+03 5.74583458e+03 5.74583458e+03 5.74583458e+03
205 6.55459082e-06 5.35579593e+03 5.35579593e+03 5.35579593e+03 5.35579593e+03
206 6.55558882e-06 4.97220867e+03 4.97220867e+03 4.97220867e+03 4.97220867e+03
207 6.55658683e-06 4.59867758e+03 4.59867758e+03 4.59867758e+03 4.59867758e+03
208 6.55758483e-06 4.23925926e+03 4.23925926e+03 4.23925926e+03 4.23925926e+03
209 6.55858283e-06 3.89823107e+03 3.89823107e+03 3.89823107e+03 3.89823107e+03
210 6.55958084e-06 3.57982831e+03 3.57982831e+03 3.57982831e+03 3.57982831e+03
211 6.56057884e-06 3.28796267e+03 3.28796267e+03 3.28796267e+03 3.28796267e+03
212 6.56157685e-06 3.02596995e+03 3.02596995e+03 3.02596995e+03 3.02596995e+03
213 6.56257485e-06 2.79639420e+03 2.79639420e+03 2.79639420e+03 2.79639420e+03
214 6.56357285e-06 2.60084037e+03 2.60084037e+03 2.60084037e+03 2.60084037e+03
215 6.56457086e-06 2.43988479e+03 2.43988479e+03 2.43988479e+03 2.43988479e+03
216 6.56556886e-06 2.31305989e+03 2.31305989e+03 2.31305989e+03 2.31305989e+03
217 6.56656687e-06 2.21889315e+03 2.21889315e+03 2.21889315e+03 2.21889315e+03
218 6.56756487e-06 2.15499714e+03 2.15499714e+03 2.15499714e+03 2.15499714e+03
219 6.56856287e-06 2.11819558e+03 2.11819558e+03 2.11819558e+03 2.11819558e+03
220 6.56956088e-06 2.10464706e+03 2.10464706e+03 2.10464706e+03 2.10464706e+03
221 6.57055888e-06 2.11002179e+03 2.11002179e+03 2.11002179e+03 2.11002179e+03
222 6.57155689e-06 2.12964420e+03 2.12964420e+03 2.12964420e+03 2.12964420e+03
223 6.57255489e-06 2.15865652e+03 2.15865652e+03 2.15865652e+03 2.15865652e+03
224 6.57355289e-06 2.19216827e+03 2.19216827e+03 2.19216827e+03 2.19216827e+03
225 6.57455090e-06 2.22541780e+03 2.22541780e+03 2.22541780e+03 2.22541780e+03
226 6.57554890e-06 2.25390939e+03 2.25390939e+03 2.25390939e+03 2.25390939e+03
227 6.57654691e-06 2.27357122e+03 2.27357122e+03 2.27357122e+03 2.27357122e+03
228 6.57754491e-06 2.28088275e+03 2.28088275e+03 2.28088275e+03 2.28088275e+03
229 6.57854291e-06 2.27300603e+03 2.27300603e+03 2.27300603e+03 2.27300603e+03
230 6.57954092e-06 2.24788745e+03 2.24788745e+03 2.24788745e+03 2.24788745e+03
231 6.58053892e-06 2.20434225e+03 2.20434225e+03 2.20434225e+03 2.20434225e+03
232 6.58153693e-06 2.14210010e+03 2.14210010e+03 2.14210010e+03 2.14210010e+03
233 6.58253493e-06 2.06181852e+03 2.06181852e+03 2.06181852e+03 2.06181852e+03
234 6.58353293e-06 1.96504750e+03 1.96504750e+03 1.96504750e+03 1.96504750e+03
235 6.58453094e-06 1.85416526e+03 1.85416526e+03 1.85416526e+03 1.85416526e+03
236 6.58552894e-06 1.73226869e+03 1.73226869e+03 1.73226869e+03 1.73226869e+03
237 6.58652695e-06 1.60302440e+03 1.60302440e+03 1.60302440e+03 1.60302440e+03
238 6.58752495e-06 1.47050974e+03 1.47050974e+03 1.47050974e+03 1.47050974e+03
239 6.58852295e-06 1.33902205e+03 1.33902205e+03 1.33902205e+03 1.33902205e+03
240 6.58952096e-06 1.21289349e+03 1.21289349e+03 1.21289349e+03 1.21289349e+03
241 6.59051896e-06 1.09630180e+03 1.09630180e+03 1.09630180e+03 1.09630180e+03
242 6.59151697e-06 9.93093185e+02 9.93093185e+02 9.93093185e+02 9.93093185e+02
243 6.59251497e-06 9.06623108e+02 9.06623108e+02 9.06623108e+02 9.06623108e+02
244 6.59351297e-06 8.39615756e+02 8.39615756e+02 8.39615756e+02 8.39615756e+02
245 6.59451098e-06 7.94048634e+02 7.94048634e+02 7.94048634e+02 7.94048634e+02
246 6.59550898e-06 7.71060318e+02 7.71060318e+02 7.71060318e+02 7.71060318e+02
247 6.59650699e-06 7.70882826e+02 7.70882826e+02 7.70882826e+02 7.70882826e+02
248 6.59750499e-06 7.92806357e+02 7.92806357e+02 7.92806357e+02 7.92806357e+02
249 6.59850299e-06 8.35176046e+02 8.35176046e+02 8.35176046e+02 8.35176046e+02
250 6.59950100e-06 8.95424601e+02 8.95424601e+02 8.95424601e+02 8.95424601e+02
251 6.60049900e-06 9.70146423e+02 9.70146423e+02 9.70146423e+02 9.70146423e+02
252 6.60149701e-06 1.05521801e+03 1.05521801e+03 1.05521801e+03 1.05521801e+03
253 6.60249501e-06 1.14596314e+03 1.14596314e+03 1.14596314e+03 1.14596314e+03
254 6.60349301e-06 1.23736368e+03 1.23736368e+03 1.23736368e+03 1.23736368e+03
255 6.60449102e-06 1.32430509e+03 1.32430509e+03 1.32430509e+03 1.32430509e+03
256 6.60548902e-06 1.40184534e+03 1.40184534e+03 1.40184534e+03 1.40184534e+03
257 6.60648703e-06 1.46548944e+03 1.46548944e+03 1.46548944e+03 1.46548944e+03
258 6.60748503e-06 1.51144690e+03 1.51144690e+03 1.51144690e+03 1.51144690e+03
259 6.60848303e-06 1.53685348e+03 1.53685348e+03 1.53685348e+03 1.53685348e+03
260 6.60948104e-06 1.53993226e+03 1.53993226e+03 1.53993226e+03 1.53993226e+03
261 6.61047904e-06 1.52008294e+03 1.52008294e+03 1.52008294e+03 1.52008294e+03
262 6.61147705e-06 1.47788594e+03 1.47788594e+03 1.47788594e+03 1.47788594e+03
263 6.61247505e-06 1.41502435e+03 1.41502435e+03 1.41502435e+03 1.41502435e+03
264 6.61347305e-06 1.33412833e+03 1.33412833e+03 1.33412833e+03 1.33412833e+03
265 6.61447106e-06 1.23855892e+03 1.23855892e+03 1.23855892e+03 1.23855892e+03
266 6.61546906e-06 1.13215204e+03 1.13215204e+03 1.13215204e+03 1.13215204e+03
267 6.61646707e-06 1.01894710e+03 1.01894710e+03 1.01894710e+03 1.01894710e+03
268 6.61746507e-06 9.02923829e+02 9.02923829e+02 9.02923829e+02 9.02923829e+02
269 6.61846307e-06 7.87772430e+02 7.87772430e+02 7.87772430e+02 7.87772430e+02
270 6.61946108e-06 6.76706823e+02 6.76706823e+02 6.76706823e+02 6.76706823e+02
271 6.62045908e-06 5.72337373e+02 5.72337373e+02 5.72337373e+02 5.72337373e+02
272 6.62145709e-06 4.76606404e+02 4.76606404e+02 4.76606404e+02 4.76606404e+02
273 6.62245509e-06 3.90778932e+02 3.90778932e+02 3.90778932e+02 3.90778932e+02
274 6.62345309e-06 3.15483620e+02 3.15483620e+02 3.15483620e+02 3.15483620e+02
275 6.62445110e-06 2.50791405e+02 2.50791405e+02 2.50791405e+02 2.50791405e+02
276 6.62544910e-06 1.96318705e+02 1.96318705e+02 1.96318705e+02 1.96318705e+02
277 6.62644711e-06 1.51342816e+02 1.51342816e+02 1.51342816e+02 1.51342816e+02
278 6.62744511e-06 1.14910899e+02 1.14910899e+02 1.14910899e+02 1.14910899e+02
279 6.62844311e-06 8.59479409e+01 8.59479409e+01 8.59479409e+01 8.59479409e+01
280 6.62944112e-06 6.33428717e+01 6.33428717e+01 6.33428717e+01 6.33428717e+01
281 6.63043912e-06 4.60170856e+01 4.60170856e+01 4.60170856e+01 4.60170856e+01
282 6.63143713e-06 3.29731357e+01 3.29731357e+01 3.29731357e+01 3.29731357e+01
283 6.63243513e-06 2.33249622e+01 2.33249622e+01 2.33249622e+01 2.33249622e+01
284 6.63343313e-06 1.63123487e+01 1.63123487e+01 1.63123487e+01 1.63123487e+01
285 6.63443114e-06 1.13029826e+01 1.13029826e+01 1.13029826e+01 1.13029826e+01
286 6.63542914e-06 7.78563975e+00 7.78563975e+00 7.78563975e+00 7.78563975e+00
287 6.63642715e-06 5.35774562e+00 5.35774562e+00 5.35774562e+00 5.35774562e+00
288 6.63742515e-06 3.71005388e+00 3.71005388e+00 3.71005388e+00 3.71005388e+00
289 6.63842315e-06 2.61055110e+00 2.61055110e+00 2.61055110e+00 2.61055110e+00
290 6.63942116e-06 1.88906262e+00 1.88906262e+00 1.88906262e+00 1.88906262e+00
291 6.64041916e-06 1.42346589e+00 1.42346589e+00 1.42346589e+00 1.42346589e+00
292 6.64141717e-06 1.12795788e+00 1.12795788e+00 1.12795788e+00 1.12795788e+00
293 6.64241517e-06 9.43483556e-01 9.43483556e-01 9.43483556e-01 9.43483556e-01
294 6.64341317e-06 8.30208111e-01 8.30208111e-01 8.30208111e-01 8.30208111e-01
295 6.64441118e-06 7.61786632e-01 7.61786632e-01 7.61786632e-01 7.61786632e-01
296 6.64540918e-06 7.21130355e-01 7.21130355e-01 7.21130355e-01 7.21130355e-01
297 6.64640719e-06 6.97364086e-01 6.97364086e-01 6.97364086e-01 6.97364086e-01
298 6.64740519e-06 6.83695900e-01 6.83695900e-01 6.83695900e-01 6.83695900e-01
299 6.64840319e-06 6.75962079e-01 6.75962079e-01 6.75962079e-01 6.75962079e-01
300 6.64940120e-06 6.71656554e-01 6.71656554e-01 6.71656554e-01 6.71656554e-01
301 6.65039920e-06 6.69295445e-01 6.69295445e-01 6.69295445e-01 6.69295445e-01
302 6.65139721e-06 6.66641336e-01 6.66641336e-01 6.66641336e-01 6.66641336e-01
303 6.65239521e-06 6.66641336e-01 6.66641336e-01 6.66641336e-01 6.66641336e-01
304 6.65339321e-06 6.66641336e-01 6.66641336e-01 6.66641336e-01 6.66641336e-01
305 6.65439122e-06 6.66641336e-01 6.66641336e-01 6.66641336e-01 6.66641336e-01
306 6.65538922e-06 6.66641336e-01 6.66641336e-01 6.66641336e-01 6.66641336e-01
307 6.65638723e-06 6.66641336e-01 6.66641336e-01 6.66641336e-01 6.66641336e-01
308 6.65738523e-06 6.66641336e-01 6.66641336e-01 6.66641336e-01 6.66641336e-01
309 6.65838323e-06 6.66641336e-01 6.66641336e-01 6.66641336e-01 6.66641336e-01
310 6.65938124e-06 6.66641336e-01 6.66641336e-01 6.66641336e-01 6.66641336e-01
311 6.66037924e-06 6.66641336e-01 6.66641336e-01 6.66641336e-01 6.66641336e-01
312 6.66137725e-06 6.66641336e-01 6.66641336e-01 6.66641336e-01 6.66641336e-01
313 6.66237525e-06 6.66641336e-01 6.66641336e-01 6.66641336e-01 6.66641336e-01
314 6.66337325e-06 6.66641336e-01 6.66641336e-01 6.66641336e-01 6.66641336e-01
315 6.66437126e-06 6.66641336e-01 6.66641336e-01 6.66641336e-01 6.66641336e-01
316 6.66536926e-06 6.66641336e-01 6.66641336e-01 6.66641336e-01 6.66641336e-01
317 6.66636727e-06 6.66641336e-01 6.66641336e-01 6.66641336e-01 6.66641336e-01
318 6.66736527e-06 6.66641336e-01 6.66641336e-01 6.66641336e-01 6.66641336e-01
319 6.66836327e-06 6.66641336e-01 6.66641336e-01 6.66641336e-01 6.66641336e-01
320 6.66936128e-06 6.66641336e-01 6.66641336e-01 6.66641336e-01 6.66641336e-01
321 6.67035928e-06 6.66641336e-01 6.66641336e-01 6.66641336e-01 6.66641336e-01
322 6.67135729e-06 6.66641336e-01 6.66641336e-01 6.66641336e-01 6.66641336e-01
323 6.67235529e-06 6.66641336e-01 6.66641336e-01 6.66641336e-01 6.66641336e-01
324 6.67335329e-06 6.68154689e-01 6.68154689e-01 6.68154689e-01 6.68154689e-01
325 6.67435130e-06 6.73191522e-01 6.73191522e-01 6.73191522e-01 6.73191522e-01
326 6.67534930e-06 6.80070862e-01 6.80070862e-01 6.80070862e-01 6.80070862e-01
327 6.67634731e-06 6.94722071e-01 6.94722071e-01 6.94722071e-01 6.94722071e-01
328 6.67734531e-06 7.17668676e-01 7.17668676e-01 7.17668676e-01 7.17668676e-01
329 6.67834331e-06 7.57954273e-01 7.57954273e-01 7.57954273e-01 7.57954273e-01
330 6.67934132e-06 8.27556822e-01 8.27556822e-01 8.27556822e-01 8.27556822e-01
331 6.68033932e-06 9.45896201e-01 9.45896201e-01 9.45896201e-01 9.45896201e-01
332 6.68133733e-06 1.14388728e+00 1.14388728e+00 1.14388728e+00 1.14388728e+00
333 6.68233533e-06 1.46984101e+00 1.46984101e+00 1.46984101e+00 1.46984101e+00
334 6.68333333e-06 1.99784888e+00 1.99784888e+00 1.99784888e+00 1.99784888e+00
335 6.68433134e-06 2.83939331e+00 2.83939331e+00 2.83939331e+00 2.83939331e+00
336 6.68532934e-06 4.15899178e+00 4.15899178e+00 4.15899178e+00 4.15899178e+00
337 6.68632735e-06 6.19466497e+00 6.19466497e+00 6.19466497e+00 6.19466497e+00
338 6.68732535e-06 9.28386732e+00 9.28386732e+00 9.28386732e+00 9.28386732e+00
339 6.68832335e-06 1.38951740e+01 1.38951740e+01 1.38951740e+01 1.38951740e+01
340 6.68932136e-06 2.06654223e+01 2.06654223e+01 2.06654223e+01 2.06654223e+01
341 6.69031936e-06 3.04411129e+01 3.04411129e+01 3.04411129e+01 3.04411129e+01
342 6.69131737e-06 4.43216720e+01 4.43216720e+01 4.43216720e+01 4.43216720e+01
343 6.69231537e-06 6.37006895e+01 6.37006895e+01 6.37006895e+01 6.37006895e+01
344 6.69331337e-06 9.02995958e+01 9.02995958e+01 9.02995958e+01 9.02995958e+01
345 6.69431138e-06 1.26186587e+02 1.26186587e+02 1.26186587e+02 1.26186587e+02
346 6.69530938e-06 1.73772262e+02 1.73772262e+02 1.73772262e+02 1.73772262e+02
347 6.69630739e-06 2.35772704e+02 2.35772704e+02 2.35772704e+02 2.35772704e+02
348 6.69730539e-06 3.15131064e+02 3.15131064e+02 3.15131064e+02 3.15131064e+02
349 6.69830339e-06 4.14890395e+02 4.14890395e+02 4.14890395e+02 4.14890395e+02
350 6.69930140e-06 5.38013847e+02 5.38013847e+02 5.38013847e+02 5.38013847e+02
351 6.70029940e-06 6.87153421e+02 6.87153421e+02 6.87153421e+02 6.87153421e+02
352 6.70129741e-06 8.64375121e+02 8.64375121e+02 8.64375121e+02 8.64375121e+02
353 6.70229541e-06 1.07085593e+03 1.07085593e+03 1.07085593e+03 1.07085593e+03
354 6.70329341e-06 1.30657579e+03 1.30657579e+03 1.30657579e+03 1.30657579e+03
355 6.70429142e-06 1.57003459e+03 1.57003459e+03 1.57003459e+03 1.57003459e+03
356 6.70528942e-06 1.85802832e+03 1.85802832e+03 1.85802832e+03 1.85802832e+03
357 6.70628743e-06 2.16551992e+03 2.16551992e+03 2.16551992e+03 2.16551992e+03
358 6.70728543e-06 2.48563626e+03 2.48563626e+03 2.48563626e+03 2.48563626e+03
359 6.70828343e-06 2.80981464e+03 2.80981464e+03 2.80981464e+03 2.80981464e+03
360 6.70928144e-06 3.12810903e+03 3.12810903e+03 3.12810903e+03 3.12810903e+03
361 6.71027944e-06 3.42964988e+03 3.42964988e+03 3.42964988e+03 3.42964988e+03
362 6.71127745e-06 3.70323330e+03 3.70323330e+03 3.70323330e+03 3.70323330e+03
363 6.71227545e-06 3.93799801e+03 3.93799801e+03 3.93799801e+03 3.93799801e+03
364 6.71327345e-06 4.12413462e+03 4.12413462e+03 4.12413462e+03 4.12413462e+03
365 6.71427146e-06 4.25356333e+03 4.25356333e+03 4.25356333e+03 4.25356333e+03
366 6.71526946e-06 4.32051496e+03 4.32051496e+03 4.32051496e+03 4.32051496e+03
367 6.71626747e-06 4.32195730e+03 4.32195730e+03 4.32195730e+03 4.32195730e+03
368 6.71726547e-06 4.25782274e+03 4.25782274e+03 4.25782274e+03 4.25782274e+03
369 6.71826347e-06 4.13101357e+03 4.13101357e+03 4.13101357e+03 4.13101357e+03
370 6.71926148e-06 3.94718421e+03 3.94718421e+03 3.94718421e+03 3.94718421e+03
371 6.72025948e-06 3.71432317e+03 3.71432317e+03 3.71432317e+03 3.71432317e+03
372 6.72125749e-06 3.44217790e+03 3.44217790e+03 3.44217790e+03 3.44217790e+03
373 6.72225549e-06 3.14157992e+03 3.14157992e+03 3.14157992e+03 3.14157992e+03
374 6.72325349e-06 2.82373545e+03 2.82373545e+03 2.82373545e+03 2.82373545e+03
375 6.72425150e-06 2.49954528e+03 2.49954528e+03 2.49954528e+03 2.49954528e+03
376 6.72524950e-06 2.17901042e+03 2.17901042e+03 2.17901042e+03 2.17901042e+03
377 6.72624750e-06 1.87076541e+03 1.87076541e+03 1.87076541e+03 1.87076541e+03
378 6.72724551e-06 1.58176470e+03 1.58176470e+03 1.58176470e+03 1.58176470e+03
379 6.72824351e-06 1.31712893e+03 1.31712893e+03 1.31712893e+03 1.31712893e+03
380 6.72924152e-06 1.08014158e+03 1.08014158e+03 1.08014158e+03 1.08014158e+03
381 6.73023952e-06 8.72373280e+02 8.72373280e+02 8.72373280e+02 8.72373280e+02
382 6.73123752e-06 6.93902265e+02 6.93902265e+02 6.93902265e+02 6.93902265e+02
383 6.73223553e-06 5.43595782e+02 5.43595782e+02 5.43595782e+02 5.43595782e+02
384 6.73323353e-06 4.19417960e+02 4.19417960e+02 4.19417960e+02 4.19417960e+02
385 6.73423154e-06 3.18733872e+02 3.18733872e+02 3.18733872e+02 3.18733872e+02
386 6.73522954e-06 2.38586278e+02 2.38586278e+02 2.38586278e+02 2.38586278e+02
387 6.73622754e-06 1.75929197e+02 1.75929197e+02 1.75929197e+02 1.75929197e+02
388 6.73722555e-06 1.27810188e+02 1.27810188e+02 1.27810188e+02 1.27810188e+02
389 6.73822355e-06 9.14998465e+01 9.14998465e+01 9.14998465e+01 9.14998465e+01
390 6.73922156e-06 6.45722334e+01 6.45722334e+01 6.45722334e+01 6.45722334e+01
391 6.74021956e-06 4.49433911e+01 4.49433911e+01 4.49433911e+01 4.49433911e+01
392 6.74121756e-06 3.08768664e+01 3.08768664e+01 3.08768664e+01 3.08768664e+01
393 6.74221557e-06 2.09655285e+01 2.09655285e+01 2.09655285e+01 2.09655285e+01
394 6.74321357e-06 1.40982861e+01 1.40982861e+01 1.40982861e+01 1.40982861e+01
395 6.74421158e-06 9.41896760e+00 9.41896760e+00 9.41896760e+00 9.41896760e+00
396 6.74520958e-06 6.28298593e+00 6.28298593e+00 6.28298593e+00 6.28298593e+00
397 6.74620758e-06 4.21574375e+00 4.21574375e+00 4.21574375e+00 4.21574375e+00
398 6.74720559e-06 2.87523808e+00 2.87523808e+00 2.87523808e+00 2.87523808e+00
399 6.74820359e-06 2.02010310e+00 2.02010310e+00 2.02010310e+00 2.02010310e+00
400 6.74920160e-06 1.48342259e+00 1.48342259e+00 1.48342259e+00 1.48342259e+00
401 6.75019960e-06 1.15203519e+00 1.15203519e+00 1.15203519e+00 1.15203519e+00
402 6.75119760e-06 9.50701306e-01 9.50701306e-01 9.50701306e-01 9.50701306e-01
403 6.75219561e-06 8.30342422e-01 8.30342422e-01 8.30342422e-01 8.30342422e-01
404 6.75319361e-06 7.59541684e-01 7.59541684e-01 7.59541684e-01 7.59541684e-01
405 6.75419162e-06 7.18557892e-01 7.18557892e-01 7.18557892e-01 7.18557892e-01
406 6.75518962e-06 6.95211692e-01 6.95211692e-01 6.95211692e-01 6.95211692e-01
407 6.75618762e-06 6.81551142e-01 6.81551142e-01 6.81551142e-01 6.81551142e-01
408 6.75718563e-06 6.73041143e-01 6.73041143e-01 6.73041143e-01 6.73041143e-01
409 6.75818363e-06 6.69444172e-01 6.69444172e-01 6.69444172e-01 6.69444172e-01
410 6.75918164e-06 6.66641336e-01 6.66641336e-01 6.66641336e-01 6.66641336e-01
411 6.76017964e-06 6.66641336e-01 6.66641336e-01 6.66641336e-01 6.66641336e-01
412 6.76117764e-06 6.66641336e-01 6.66641336e-01 6.66641336e-01 6.66641336e-01
413 6.76217565e-06 6.66641336e-01 6.66641336e-01 6.66641336e-01 6.66641336e-01
414 6.76317365e-06 6.66641336e-01 6.66641336e-01 6.66641336e-01 6.66641336e-01
415 6.76417166e-06 6.66641336e-01 6.66641336e-01 6.66641336e-01 6.66641336e-01
416 6.76516966e-06 6.66641336e-01 6.66641336e-01 6.66641336e-01 6.66641336e-01
417 6.76616766e-06 6.66641336e-01 6.66641336e-01 6.66641336e-01 6.66641336e-01
418 6.76716567e-06 6.66641336e-01 6.66641336e-01 6.66641336e-01 6.66641336e-01
419 6.76816367e-06 6.66641336e-01 6.66641336e-01 6.66641336e-01 6.66641336e-01
420 6.76916168e-06 6.66641336e-01 6.66641336e-01 6.66641336e-01 6.66641336e-01
421 6.77015968e-06 6.66641336e-01 6.66641336e-01 6.66641336e-01 6.66641336e-01
422 6.77115768e-06 6.66641336e-01 6.66641336e-01 6.66641336e-01 6.66641336e-01
423 6.77215569e-06 6.66641336e-01 6.66641336e-01 6.66641336e-01 6.66641336e-01
424 6.77315369e-06 6.66641336e-01 6.66641336e-01 6.66641336e-01 6.66641336e-01
425 6.77415170e-06 6.66641336e-01 6.66641336e-01 6.66641336e-01 6.66641336e-01
426 6.77514970e-06 6.66641336e-01 6.66641336e-01 6.66641336e-01 6.66641336e-01
427 6.77614770e-06 6.66641336e-01 6.66641336e-01 6.66641336e-01 6.66641336e-01
428 6.77714571e-06 6.66641336e-01 6.66641336e-01 6.66641336e-01 6.66641336e-01
429 6.77814371e-06 6.66641336e-01 6.66641336e-01 6.66641336e-01 6.66641336e-01
430 6.77914172e-06 6.66641336e-01 6.66641336e-01 6.66641336e-01 6.66641336e-01
431 6.78013972e-06 6.66641336e-01 6.66641336e-01 6.66641336e-01 6.66641336e-01
432 6.78113772e-06 6.66641336e-01 6.66641336e-01 6.66641336e-01 6.66641336e-01
433 6.78213573e-06 6.66641336e-01 6.66641336e-01 6.66641336e-01 6.66641336e-01
434 6.78313373e-06 6.66641336e-01 6.66641336e-01 6.66641336e-01 6.66641336e-01
435 6.78413174e-06 6.66641336e-01 6.66641336e-01 6.66641336e-01 6.66641336e-01
436 6.78512974e-06 6.66641336e-01 6.66641336e-01 6.66641336e-01 6.66641336e-01
437 6.78612774e-06 6.66641336e-01 6.66641336e-01 6.66641336e-01 6.66641336e-01
438 6.78712575e-06 6.66641336e-01 6.66641336e-01 6.66641336e-01 6.66641336e-01
439 6.78812375e-06 6.66641336e-01 6.66641336e-01 6.66641336e-01 6.66641336e-01
440 6.78912176e-06 6.66641336e-01 6.66641336e-01 6.66641336e-01 6.66641336e-01
441 6.79011976e-06 6.66641336e-01 6.66641336e-01 6.66641336e-01 6.66641336e-01
442 6.79111776e-06 6.66641336e-01 6.66641336e-01 6.66641336e-01 6.66641336e-01
443 6.79211577e-06 6.66641336e-01 6.66641336e-01 6.66641336e-01 6.66641336e-01
444 6.79311377e-06 6.66641336e-01 6.66641336e-01 6.66641336e-01 6.66641336e-01
445 6.79411178e-06 6.66641336e-01 6.66641336e-01 6.66641336e-01 6.66641336e-01
446 6.79510978e-06 6.66641336e-01 6.66641336e-01 6.66641336e-01 6.66641336e-01
447 6.79610778e-06 6.66641336e-01 6.66641336e-01 6.66641336e-01 6.66641336e-01
448 6.79710579e-06 6.66641336e-01 6.66641336e-01 6.66641336e-01 6.66641336e-01
449 6.79810379e-06 6.66641336e-01 6.66641336e-01 6.66641336e-01 6.66641336e-01
450 6.79910180e-06 6.66641336e-01 6.66641336e-01 6.66641336e-01 6.66641336e-01
451 6.80009980e-06 6.66641336e-01 6.66641336e-01 6.66641336e-01 6.66641336e-01
452 6.80109780e-06 6.66641336e-01 6.66641336e-01 6.66641336e-01 6.66641336e-01
453 6.80209581e-06 6.66641336e-01 6.66641336e-01 6.66641336e-01 6.66641336e-01
454 6.80309381e-06 6.66641336e-01 6.66641336e-01 6.66641336e-01 6.66641336e-01
455 6.80409182e-06 6.66641336e-01 6.66641336e-01 6.66641336e-01 6.66641336e-01
456 6.80508982e-06 6.66641336e-01 6.66641336e-01 6.66641336e-01 6.66641336e-01
457 6.80608782e-06 6.66641336e-01 6.66641336e-01 6.66641336e-01 6.66641336e-01
458 6.80708583e-06 6.66641336e-01 6.66641336e-01 6.66641336e-01 6.66641336e-01
459 6.80808383e-06 6.66641336e-01 6.66641336e-01 6.66641336e-01 6.66641336e-01
460 6.80908184e-06 6.66641336e-01 6.66641336e-01 6.66641336e-01 6.66641336e-01
461 6.81007984e-06 6.66641336e-01 6.66641336e-01 6.66641336e-01 6.66641336e-01
462 6.81107784e-06 6.66641336e-01 6.66641336e-01 6.66641336e-01 6.66641336e-01
463 6.81207585e-06 6.66641336e-01 6.66641336e-01 6.66641336e-01 6.66641336e-01
464 6.81307385e-06 6.66641336e-01 6.66641336e-01 6.66641336e-01 6.66641336e-01
465 6.81407186e-06 6.66641336e-01 6.66641336e-01 6.66641336e-01 6.66641336e-01
466 6.81506986e-06 6.66641336e-01 6.66641336e-01 6.66641336e-01 6.66641336e-01
467 6.81606786e-06 6.66641336e-01 6.66641336e-01 6.66641336e-01 6.66641336e-01
468 6.81706587e-06 6.66641336e-01 6.66641336e-01 6.66641336e-01 6.66641336e-01
469 6.81806387e-06 6.66641336e-01 6.66641336e-01 6.66641336e-01 6.66641336e-01
470 6.81906188e-06 6.66641336e-01 6.66641336e-01 6.66641336e-01 6.66641336e-01
471 6.82005988e-06 6.66641336e-01 6.66641336e-01 6.66641336e-01 6.66641336e-01
472 6.82105788e-06 6.66641336e-01 6.66641336e-01 6.66641336e-01 6.66641336e-01
473 6.82205589e-06 6.66641336e-01 6.66641336e-01 6.66641336e-01 6.66641336e-01
474 6.82305389e-06 6.66641336e-01 6.66641336e-01 6.66641336e-01 6.66641336e-01
475 6.82405190e-06 6.66641336e-01 6.66641336e-01 6.66641336e-01 6.66641336e-01
476 6.82504990e-06 6.66641336e-01 6.66641336e-01 6.66641336e-01 6.66641336e-01
477 6.82604790e-06 6.66641336e-01 6.66641336e-01 6.66641336e-01 6.66641336e-01
478 6.82704591e-06 6.66641336e-01 6.66641336e-01 6.66641336e-01 6.66641336e-01
479 6.82804391e-06 6.66641336e-01 6.66641336e-01 6.66641336e-01 6.66641336e-01
480 6.82904192e-06 6.66641336e-01 6.66641336e-01 6.66641336e-01 6.66641336e-01
481 6.83003992e-06 6.66641336e-01 6.66641336e-01 6.66641336e-01 6.66641336e-01
482 6.83103792e-06 6.66641336e-01 6.66641336e-01 6.66641336e-01 6.66641336e-01
483 6.83203593e-06 6.66641336e-01 6.66641336e-01 6.66641336e-01 6.66641336e-01
484 6.83303393e-06 6.66641336e-01 6.66641336e-01 6.66641336e-01 6.66641336e-01
485 6.83403194e-06 6.66641336e-01 6.66641336e-01 6.66641336e-01 6.66641336e-01
486 6.83502994e-06 6.66641336e-01 6.66641336e-01 6.66641336e-01 6.66641336e-01
487 6.83602794e-06 6.66641336e-01 6.66641336e-01 6.66641336e-01 6.66641336e-01
488 6.83702595e-06 6.66641336e-01 6.66641336e-01 6.66641336e-01 6.66641336e-01
489 6.83802395e-06 6.66641336e-01 6.66641336e-01 6.66641336e-01 6.66641336e-01
490 6.83902196e-06 6.66641336e-01 6.66641336e-01 6.66641336e-01 6.66641336e-01
491 6.84001996e-06 6.66641336e-01 6.66641336e-01 6.66641336e-01 6.66641336e-01
492 6.84101796e-06 6.66641336e-01 6.66641336e-01 6.66641336e-01 6.66641336e-01
493 6.84201597e-06 6.66641336e-01 6.66641336e-01 6.66641336e-01 6.66641336e-01
494 6.84301397e-06 6.66641336e-01 6.66641336e-01 6.66641336e-01 6.66641336e-01
495 6.84401198e-06 6.66641336e-01 6.66641336e-01 6.66641336e-01 6.66641336e-01
496 6.84500998e-06 6.66641336e-01 6.66641336e-01 6.66641336e-01 6.66641336e-01
497 6.84600798e-06 6.66641336e-01 6.66641336e-01 6.66641336e-01 6.66641336e-01
498 6.84700599e-06 6.66641336e-01 6.66641336e-01 6.66641336e-01 6.66641336e-01
499 6.84800399e-06 6.66641336e-01 6.66641336e-01 6.66641336e-01 6.66641336e-01
500 6.84900200e-06 6.66641336e-01 6.66641336e-01 6.66641336e-01 6.66641336e-01
