0 6.35000000e-06 8.32202466e-01 8.32202466e-01 8.32202466e-01 8.32202466e-01
1 6.35099800e-06 8.32202466e-01 8.32202466e-01 8.32202466e-01 8.32202466e-01
2 6.35199601e-06 8.32202466e-01 8.32202466e-01 8.32202466e-01 8.32202466e-01
3 6.35299401e-06 8.32202466e-01 8.32202466e-01 8.32202466e-01 8.32202466e-01
4 6.35399202e-06 8.32202466e-01 8.32202466e-01 8.32202466e-01 8.32202466e-01
5 6.35499002e-06 8.32202466e-01 8.32202466e-01 8.32202466e-01 8.32202466e-01
6 6.35598802e-06 8.32202466e-01 8.32202466e-01 8.32202466e-01 8.32202466e-01
7 6.35698603e-06 8.32202466e-01 8.32202466e-01 8.32202466e-01 8.32202466e-01
8 6.35798403e-06 8.32202466e-01 8.32202466e-01 8.32202466e-01 8.32202466e-01
9 6.35898204e-06 8.32202466e-01 8.32202466e-01 8.32202466e-01 8.32202466e-01
10 6.35998004e-06 8.32202466e-01 8.32202466e-01 8.32202466e-01 8.32202466e-01
11 6.36097804e-06 8.32202466e-01 8.32202466e-01 8.32202466e-01 8.32202466e-01
12 6.36197605e-06 8.32202466e-01 8.32202466e-01 8.32202466e-01 8.32202466e-01
13 6.36297405e-06 8.32202466e-01 8.32202466e-01 8.32202466e-01 8.32202466e-01
14 6.36397206e-06 8.32202466e-01 8.32202466e-01 8.32202466e-01 8.32202466e-01
15 6.36497006e-06 8.32202466e-01 8.32202466e-01 8.32202466e-01 8.32202466e-01
16 6.36596806e-06 8.32202466e-01 8.32202466e-01 8.32202466e-01 8.32202466e-01
17 6.36696607e-06 8.32202466e-01 8.32202466e-01 8.32202466e-01 8.32202466e-01
18 6.36796407e-06 8.32202466e-01 8.32202466e-01 8.32202466e-01 8.32202466e-01
19 6.36896208e-06 8.32202466e-01 8.32202466e-01 8.32202466e-01 8.32202466e-01
20 6.36996008e-06 8.32202466e-01 8.32202466e-01 8.32202466e-01 8.32202466e-01
21 6.37095808e-06 8.32202466e-01 8.32202466e-01 8.32202466e-01 8.32202466e-01
22 6.37195609e-06 8.32202466e-01 8.32202466e-01 8.32202466e-01 8.32202466e-01
23 6.37295409e-06 8.32202466e-01 8.32202466e-01 8.32202466e-01 8.32202466e-01
24 6.37395210e-06 8.32202466e-01 8.32202466e-01 8.32202466e-01 8.32202466e-01
25 6.37495010e-06 8.32202466e-01 8.32202466e-01 8.32202466e-01 8.32202466e-01
26 6.37594810e-06 8.32202466e-01 8.32202466e-01 8.32202466e-01 8.32202466e-01
27 6.37694611e-06 8.32202466e-01 8.32202466e-01 8.32202466e-01 8.32202466e-01
28 6.37794411e-06 8.32202466e-01 8.32202466e-01 8.32202466e-01 8.32202466e-01
29 6.37894212e-06 8.32202466e-01 8.32202466e-01 8.32202466e-01 8.32202466e-01
30 6.37994012e-06 8.32202466e-01 8.32202466e-01 8.32202466e-01 8.32202466e-01
31 6.38093812e-06 8.32202466e-01 8.32202466e-01 8.32202466e-01 8.32202466e-01
32 6.38193613e-06 8.32202466e-01 8.32202466e-01 8.32202466e-01 8.32202466e-01
33 6.38293413e-06 8.32202466e-01 8.32202466e-01 8.32202466e-01 8.32202466e-01
34 6.38393214e-06 8.32202466e-01 8.32202466e-01 8.32202466e-01 8.32202466e-01
35 6.38493014e-06 8.32202466e-01 8.32202466e-01 8.32202466e-01 8.32202466e-01
36 6.38592814e-06 8.32202466e-01 8.32202466e-01 8.32202466e-01 8.32202466e-01
37 6.38692615e-06 8.32202466e-01 8.32202466e-01 8.32202466e-01 8.32202466e-01
38 6.38792415e-06 8.32202466e-01 8.32202466e-01 8.32202466e-01 8.32202466e-01
39 6.38892216e-06 8.32202466e-01 8.32202466e-01 8.32202466e-01 8.32202466e-01
40 6.38992016e-06 8.32202466e-01 8.32202466e-01 8.32202466e-01 8.32202466e-01
41 6.39091816e-06 8.32202466e-01 8.32202466e-01 8.32202466e-01 8.32202466e-01
42 6.39191617e-06 8.32202466e-01 8.32202466e-01 8.32202466e-01 8.32202466e-01
43 6.39291417e-06 8.32202466e-01 8.32202466e-01 8.32202466e-01 8.32202466e-01
44 6.39391218e-06 8.32202466e-01 8.32202466e-01 8.32202466e-01 8.32202466e-01
45 6.39491018e-06 8.32202466e-01 8.32202466e-01 8.32202466e-01 8.32202466e-01
46 6.39590818e-06 8.32202466e-01 8.32202466e-01 8.32202466e-01 8.32202466e-01
47 6.39690619e-06 8.32202466e-01 8.32202466e-01 8.32202466e-01 8.32202466e-01
48 6.39790419e-06 8.32202466e-01 8.32202466e-01 8.32202466e-01 8.32202466e-01
49 6.39890220e-06 8.32202466e-01 8.32202466e-01 8.32202466e-01 8.32202466e-01
50 6.39990020e-06 8.32202466e-01 8.32202466e-01 8.32202466e-01 8.32202466e-01
51 6.40089820e-06 8.32202466e-01 8.32202466e-01 8.32202466e-01 8.32202466e-01
52 6.40189621e-06 8.32202466e-01 8.32202466e-01 8.32202466e-01 8.32202466e-01
53 6.40289421e-06 8.32202466e-01 8.32202466e-01 8.32202466e-01 8.32202466e-01
54 6.40389222e-06 8.32202466e-01 8.32202466e-01 8.32202466e-01 8.32202466e-01
55 6.40489022e-06 8.32202466e-01 8.32202466e-01 8.32202466e-01 8.32202466e-01
56 6.40588822e-06 8.32202466e-01 8.32202466e-01 8.32202466e-01 8.32202466e-01
57 6.40688623e-06 8.32202466e-01 8.32202466e-01 8.32202466e-01 8.32202466e-01
58 6.40788423e-06 8.32202466e-01 8.32202466e-01 8.32202466e-01 8.32202466e-01
59 6.40888224e-06 8.32202466e-01 8.32202466e-01 8.32202466e-01 8.32202466e-01
60 6.40988024e-06 8.32202466e-01 8.32202466e-01 8.32202466e-01 8.32202466e-01
61 6.41087824e-06 8.32202466e-01 8.32202466e-01 8.32202466e-01 8.32202466e-01
62 6.41187625e-06 8.32202466e-01 8.32202466e-01 8.32202466e-01 8.32202466e-01
63 6.41287425e-06 8.32202466e-01 8.32202466e-01 8.32202466e-01 8.32202466e-01
64 6.41387226e-06 8.32202466e-01 8.32202466e-01 8.32202466e-01 8.32202466e-01
65 6.41487026e-06 8.32202466e-01 8.32202466e-01 8.32202466e-01 8.32202466e-01
66 6.41586826e-06 8.32202466e-01 8.32202466e-01 8.32202466e-01 8.32202466e-01
67 6.41686627e-06 8.32202466e-01 8.32202466e-01 8.32202466e-01 8.32202466e-01
68 6.41786427e-06 8.32202466e-01 8.32202466e-01 8.32202466e-01 8.32202466e-01
69 6.41886228e-06 8.32202466e-01 8.32202466e-01 8.32202466e-01 8.32202466e-01
70 6.41986028e-06 8.32202466e-01 8.32202466e-01 8.32202466e-01 8.32202466e-01
71 6.42085828e-06 8.32202466e-01 8.32202466e-01 8.32202466e-01 8.32202466e-01
72 6.42185629e-06 8.32202466e-01 8.32202466e-01 8.32202466e-01 8.32202466e-01
73 6.42285429e-06 8.32202466e-01 8.32202466e-01 8.32202466e-01 8.32202466e-01
74 6.42385230e-06 8.32202466e-01 8.32202466e-01 8.32202466e-01 8.32202466e-01
75 6.42485030e-06 8.32202466e-01 8.32202466e-01 8.32202466e-01 8.32202466e-01
76 6.42584830e-06 8.32202466e-01 8.32202466e-01 8.32202466e-01 8.32202466e-01
77 6.42684631e-06 8.32202466e-01 8.32202466e-01 8.32202466e-01 8.32202466e-01
78 6.42784431e-06 8.32202466e-01 8.32202466e-01 8.32202466e-01 8.32202466e-01
79 6.42884232e-06 8.32202466e-01 8.32202466e-01 8.32202466e-01 8.32202466e-01
80 6.42984032e-06 8.32202466e-01 8.32202466e-01 8.32202466e-01 8.32202466e-01
81 6.43083832e-06 8.32202466e-01 8.32202466e-01 8.32202466e-01 8.32202466e-01
82 6.43183633e-06 8.32202466e-01 8.32202466e-01 8.32202466e-01 8.32202466e-01
83 6.43283433e-06 8.32202466e-01 8.32202466e-01 8.32202466e-01 8.32202466e-01
84 6.43383234e-06 8.32202466e-01 8.32202466e-01 8.32202466e-01 8.32202466e-01
85 6.43483034e-06 8.32202466e-01 8.32202466e-01 8.32202466e-01 8.32202466e-01
86 6.43582834e-06 8.32202466e-01 8.32202466e-01 8.32202466e-01 8.32202466e-01
87 6.43682635e-06 8.32202466e-01 8.32202466e-01 8.32202466e-01 8.32202466e-01
88 6.43782435e-06 8.32202466e-01 8.32202466e-01 8.32202466e-01 8.32202466e-01
89 6.43882236e-06 8.32202466e-01 8.32202466e-01 8.32202466e-01 8.32202466e-01
90 6.43982036e-06 8.32202466e-01 8.32202466e-01 8.32202466e-01 8.32202466e-01
91 6.44081836e-06 8.32202466e-01 8.32202466e-01 8.32202466e-01 8.32202466e-01
92 6.44181637e-06 8.32202466e-01 8.32202466e-01 8.32202466e-01 8.32202466e-01
93 6.44281437e-06 8.32202466e-01 8.32202466e-01 8.32202466e-01 8.32202466e-01
94 6.44381238e-06 8.32202466e-01 8.32202466e-01 8.32202466e-01 8.32202466e-01
95 6.44481038e-06 8.32202466e-01 8.32202466e-01 8.32202466e-01 8.32202466e-01
96 6.44580838e-06 8.32202466e-01 8.32202466e-01 8.32202466e-01 8.32202466e-01
97 6.44680639e-06 8.32202466e-01 8.32202466e-01 8.32202466e-01 8.32202466e-01
98 6.44780439e-06 8.32202466e-01 8.32202466e-01 8.32202466e-01 8.32202466e-01
99 6.44880240e-06 8.32202466e-01 8.32202466e-01 8.32202466e-01 8.32202466e-01
100 6.44980040e-06 8.32202466e-01 8.32202466e-01 8.32202466e-01 8.32202466e-01
101 6.45079840e-06 8.32202466e-01 8.32202466e-01 8.32202466e-01 8.32202466e-01
102 6.45179641e-06 8.32202466e-01 8.32202466e-01 8.32202466e-01 8.32202466e-01
103 6.45279441e-06 8.32202466e-01 8.32202466e-01 8.32202466e-01 8.32202466e-01
104 6.45379242e-06 8.32202466e-01 8.32202466e-01 8.32202466e-01 8.32202466e-01
105 6.45479042e-06 8.32202466e-01 8.32202466e-01 8.32202466e-01 8.32202466e-01
106 6.45578842e-06 8.32202466e-01 8.32202466e-01 8.32202466e-01 8.32202466e-01
107 6.45678643e-06 8.32202466e-01 8.32202466e-01 8.32202466e-01 8.32202466e-01
108 6.45778443e-06 8.32202466e-01 8.32202466e-01 8.32202466e-01 8.32202466e-01
109 6.45878244e-06 8.32202466e-01 8.32202466e-01 8.32202466e-01 8.32202466e-01
110 6.45978044e-06 8.32202466e-01 8.32202466e-01 8.32202466e-01 8.32202466e-01
111 6.46077844e-06 8.32202466e-01 8.32202466e-01 8.32202466e-01 8.32202466e-01
112 6.46177645e-06 8.32202466e-01 8.32202466e-01 8.32202466e-01 8.32202466e-01
113 6.46277445e-06 8.32202466e-01 8.32202466e-01 8.32202466e-01 8.32202466e-01
114 6.46377246e-06 8.32202466e-01 8.32202466e-01 8.32202466e-01 8.32202466e-01
115 6.46477046e-06 8.32202466e-01 8.32202466e-01 8.32202466e-01 8.32202466e-01
116 6.46576846e-06 8.32202466e-01 8.32202466e-01 8.32202466e-01 8.32202466e-01
117 6.46676647e-06 8.32202466e-01 8.32202466e-01 8.32202466e-01 8.32202466e-01
118 6.46776447e-06 8.32202466e-01 8.32202466e-01 8.32202466e-01 8.32202466e-01
119 6.46876248e-06 8.32202466e-01 8.32202466e-01 8.32202466e-01 8.32202466e-01
120 6.46976048e-06 8.32202466e-01 8.32202466e-01 8.32202466e-01 8.32202466e-01
121 6.47075848e-06 8.32202466e-01 8.32202466e-01 8.32202466e-01 8.32202466e-01
122 6.47175649e-06 8.32202466e-01 8.32202466e-01 8.32202466e-01 8.32202466e-01
123 6.47275449e-06 8.32202466e-01 8.32202466e-01 8.32202466e-01 8.32202466e-01
124 6.47375250e-06 8.32202466e-01 8.32202466e-01 8.32202466e-01 8.32202466e-01
125 6.47475050e-06 8.32202466e-01 8.32202466e-01 8.32202466e-01 8.32202466e-01
126 6.47574850e-06 8.32202466e-01 8.32202466e-01 8.32202466e-01 8.32202466e-01
127 6.47674651e-06 8.32202466e-01 8.32202466e-01 8.32202466e-01 8.32202466e-01
128 6.47774451e-06 8.32202466e-01 8.32202466e-01 8.32202466e-01 8.32202466e-01
129 6.47874251e-06 8.32202466e-01 8.32202466e-01 8.32202466e-01 8.32202466e-01
130 6.47974052e-06 8.32762339e-01 8.32762339e-01 8.32762339e-01 8.32762339e-01
131 6.48073852e-06 8.35823000e-01 8.35823000e-01 8.35823000e-01 8.35823000e-01
132 6.48173653e-06 8.42234342e-01 8.42234342e-01 8.42234342e-01 8.42234342e-01
133 6.48273453e-06 8.50760973e-01 8.50760973e-01 8.50760973e-01 8.50760973e-01
134 6.48373253e-06 8.66009448e-01 8.66009448e-01 8.66009448e-01 8.66009448e-01
135 6.48473054e-06 8.92844270e-01 8.92844270e-01 8.92844270e-01 8.92844270e-01
136 6.48572854e-06 9.39314916e-01 9.39314916e-01 9.39314916e-01 9.39314916e-01
137 6.48672655e-06 1.01909332e+00 1.01909332e+00 1.01909332e+00 1.01909332e+00
138 6.48772455e-06 1.15432498e+00 1.15432498e+00 1.15432498e+00 1.15432498e+00
139 6.48872255e-06 1.37598549e+00 1.37598549e+00 1.37598549e+00 1.37598549e+00
140 6.48972056e-06 1.73685754e+00 1.73685754e+00 1.73685754e+00 1.73685754e+00
141 6.49071856e-06 2.31389596e+00 2.31389596e+00 2.31389596e+00 2.31389596e+00
142 6.49171657e-06 3.22157751e+00 3.22157751e+00 3.22157751e+00 3.22157751e+00
143 6.49271457e-06 4.62692436e+00 4.62692436e+00 4.62692436e+00 4.62692436e+00
144 6.49371257e-06 6.76763358e+00 6.76763358e+00 6.76763358e+00 6.76763358e+00
145 6.49471058e-06 9.97562963e+00 9.97562963e+00 9.97562963e+00 9.97562963e+00
146 6.49570858e-06 1.47048302e+01 1.47048302e+01 1.47048302e+01 1.47048302e+01
147 6.49670659e-06 2.15627555e+01 2.15627555e+01 2.15627555e+01 2.15627555e+01
148 6.49770459e-06 3.13445697e+01 3.13445697e+01 3.13445697e+01 3.13445697e+01
149 6.49870259e-06 4.50672849e+01 4.50672849e+01 4.50672849e+01 4.50672849e+01
150 6.49970060e-06 6.39997948e+01 6.39997948e+01 6.39997948e+01 6.39997948e+01
151 6.50069860e-06 8.96852980e+01 8.96852980e+01 8.96852980e+01 8.96852980e+01
152 6.50169661e-06 1.23955071e+02 1.23955071e+02 1.23955071e+02 1.23955071e+02
153 6.50269461e-06 1.68904171e+02 1.68904171e+02 1.68904171e+02 1.68904171e+02
154 6.50369261e-06 2.26856042e+02 2.26856042e+02 2.26856042e+02 2.26856042e+02
155 6.50469062e-06 3.00295503e+02 3.00295503e+02 3.00295503e+02 3.00295503e+02
156 6.50568862e-06 3.91763538e+02 3.91763538e+02 3.91763538e+02 3.91763538e+02
157 6.50668663e-06 5.03680902e+02 5.03680902e+02 5.03680902e+02 5.03680902e+02
158 6.50768463e-06 6.38207761e+02 6.38207761e+02 6.38207761e+02 6.38207761e+02
159 6.50868263e-06 7.97021325e+02 7.97021325e+02 7.97021325e+02 7.97021325e+02
160 6.50968064e-06 9.81103784e+02 9.81103784e+02 9.81103784e+02 9.81103784e+02
161 6.51067864e-06 1.19053384e+03 1.19053384e+03 1.19053384e+03 1.19053384e+03
162 6.51167665e-06 1.42432400e+03 1.42432400e+03 1.42432400e+03 1.42432400e+03
163 6.51267465e-06 1.68031540e+03 1.68031540e+03 1.68031540e+03 1.68031540e+03
164 6.51367265e-06 1.95514773e+03 1.95514773e+03 1.95514773e+03 1.95514773e+03
165 6.51467066e-06 2.24434567e+03 2.24434567e+03 2.24434567e+03 2.24434567e+03
166 6.51566866e-06 2.54252510e+03 2.54252510e+03 2.54252510e+03 2.54252510e+03
167 6.51666667e-06 2.84372774e+03 2.84372774e+03 2.84372774e+03 2.84372774e+03
168 6.51766467e-06 3.14187095e+03 3.14187095e+03 3.14187095e+03 3.14187095e+03
169 6.51866267e-06 3.43130550e+03 3.43130550e+03 3.43130550e+03 3.43130550e+03
170 6.51966068e-06 3.70743278e+03 3.70743278e+03 3.70743278e+03 3.70743278e+03
171 6.52065868e-06 3.96734725e+03 3.96734725e+03 3.96734725e+03 3.96734725e+03
172 6.52165669e-06 4.21044850e+03 4.21044850e+03 4.21044850e+03 4.21044850e+03
173 6.52265469e-06 4.43894868e+03 4.43894868e+03 4.43894868e+03 4.43894868e+03
174 6.52365269e-06 4.65825563e+03 4.65825563e+03 4.65825563e+03 4.65825563e+03
175 6.52465070e-06 4.87712635e+03 4.87712635e+03 4.87712635e+03 4.87712635e+03
176 6.52564870e-06 5.10757903e+03 5.10757903e+03 5.10757903e+03 5.10757903e+03
177 6.52664671e-06 5.36451019e+03 5.36451019e+03 5.36451019e+03 5.36451019e+03
178 6.52764471e-06 5.66501330e+03 5.66501330e+03 5.66501330e+03 5.66501330e+03
179 6.52864271e-06 6.02741056e+03 6.02741056e+03 6.02741056e+03 6.02741056e+03
180 6.52964072e-06 6.47000699e+03 6.47000699e+03 6.47000699e+03 6.47000699e+03
181 6.53063872e-06 7.00964907e+03 7.00964907e+03 7.00964907e+03 7.00964907e+03
182 6.53163673e-06 7.66016400e+03 7.66016400e+03 7.66016400e+03 7.66016400e+03
183 6.53263473e-06 8.43079218e+03 8.43079218e+03 8.43079218e+03 8.43079218e+03
184 6.53363273e-06 9.32474199e+03 9.32474199e+03 9.32474199e+03 9.32474199e+03
185 6.53463074e-06 1.03380057e+04 1.03380057e+04 1.03380057e+04 1.03380057e+04
186 6.53562874e-06 1.14585725e+04 1.14585725e+04 1.14585725e+04 1.14585725e+04
187 6.53662675e-06 1.26661575e+04 1.26661575e+04 1.26661575e+04 1.26661575e+04
188 6.53762475e-06 1.39325330e+04 1.39325330e+04 1.39325330e+04 1.39325330e+04
189 6.53862275e-06 1.52225021e+04 1.52225021e+04 1.52225021e+04 1.52225021e+04
190 6.53962076e-06 1.64954982e+04 1.64954982e+04 1.64954982e+04 1.64954982e+04
191 6.54061876e-06 1.77077305e+04 1.77077305e+04 1.77077305e+04 1.77077305e+04
192 6.54161677e-06 1.88147344e+04 1.88147344e+04 1.88147344e+04 1.88147344e+04
193 6.54261477e-06 1.97741398e+04 1.97741398e+04 1.97741398e+04 1.97741398e+04
194 6.54361277e-06 2.05484260e+04 2.05484260e+04 2.05484260e+04 2.05484260e+04
195 6.54461078e-06 2.11074286e+04 2.11074286e+04 2.11074286e+04 2.11074286e+04
196 6.54560878e-06 2.14303722e+04 2.14303722e+04 2.14303722e+04 2.14303722e+04
197 6.54660679e-06 2.15072407e+04 2.15072407e+04 2.15072407e+04 2.15072407e+04
198 6.54760479e-06 2.13393560e+04 2.13393560e+04 2.13393560e+04 2.13393560e+04
199 6.54860279e-06 2.09391160e+04 2.09391160e+04 2.09391160e+04 2.09391160e+04
200 6.54960080e-06 2.03289138e+04 2.03289138e+04 2.03289138e+04 2.03289138e+04
201 6.55059880e-06 1.95393482e+04 1.95393482e+04 1.95393482e+04 1.95393482e+04
202 6.55159681e-06 1.86068959e+04 1.86068959e+04 1.86068959e+04 1.86068959e+04
203 6.55259481e-06 1.75712649e+04 1.75712649e+04 1.75712649e+04 1.75712649e+04
204 6.55359281e-06 1.64726698e+04 1.64726698e+04 1.64726698e+04 1.64726698e+04
205 6.55459082e-06 1.53492671e+04 1.53492671e+04 1.53492671e+04 1.53492671e+04
206 6.55558882e-06 1.42349589e+04 1.42349589e+04 1.42349589e+04 1.42349589e+04
207 6.55658683e-06 1.31577267e+04 1.31577267e+04 1.31577267e+04 1.31577267e+04
208 6.55758483e-06 1.21385950e+04 1.21385950e+04 1.21385950e+04 1.21385950e+04
209 6.55858283e-06 1.11912559e+04 1.11912559e+04 1.11912559e+04 1.11912559e+04
210 6.55958084e-06 1.03223215e+04 1.03223215e+04 1.03223215e+04 1.03223215e+04
211 6.56057884e-06 9.53211436e+03 9.53211436e+03 9.53211436e+03 9.53211436e+03
212 6.56157685e-06 8.81586299e+03 8.81586299e+03 8.81586299e+03 8.81586299e+03
213 6.56257485e-06 8.16514647e+03 8.16514647e+03 8.16514647e+03 8.16514647e+03
214 6.56357285e-06 7.56942179e+03 7.56942179e+03 7.56942179e+03 7.56942179e+03
215 6.56457086e-06 7.01748701e+03 7.01748701e+03 7.01748701e+03 7.01748701e+03
216 6.56556886e-06 6.49875236e+03 6.49875236e+03 6.49875236e+03 6.49875236e+03
217 6.56656687e-06 6.00421417e+03 6.00421417e+03 6.00421417e+03 6.00421417e+03
218 6.56756487e-06 5.52710851e+03 5.52710851e+03 5.52710851e+03 5.52710851e+03
219 6.56856287e-06 5.06320997e+03 5.06320997e+03 5.06320997e+03 5.06320997e+03
220 6.56956088e-06 4.61081049e+03 4.61081049e+03 4.61081049e+03 4.61081049e+03
221 6.57055888e-06 4.17043490e+03 4.17043490e+03 4.17043490e+03 4.17043490e+03
222 6.57155689e-06 3.74435888e+03 3.74435888e+03 3.74435888e+03 3.74435888e+03
223 6.57255489e-06 3.33602457e+03 3.33602457e+03 3.33602457e+03 3.33602457e+03
224 6.57355289e-06 2.94942221e+03 2.94942221e+03 2.94942221e+03 2.94942221e+03
225 6.57455090e-06 2.58851098e+03 2.58851098e+03 2.58851098e+03 2.58851098e+03
226 6.57554890e-06 2.25673665e+03 2.25673665e+03 2.25673665e+03 2.25673665e+03
227 6.57654691e-06 1.95667821e+03 1.95667821e+03 1.95667821e+03 1.95667821e+03
228 6.57754491e-06 1.68983971e+03 1.68983971e+03 1.68983971e+03 1.68983971e+03
229 6.57854291e-06 1.45658888e+03 1.45658888e+03 1.45658888e+03 1.45658888e+03
230 6.57954092e-06 1.25621791e+03 1.25621791e+03 1.25621791e+03 1.25621791e+03
231 6.58053892e-06 1.08710642e+03 1.08710642e+03 1.08710642e+03 1.08710642e+03
232 6.58153693e-06 9.46951494e+02 9.46951494e+02 9.46951494e+02 9.46951494e+02
233 6.58253493e-06 8.33030060e+02 8.33030060e+02 8.33030060e+02 8.33030060e+02
234 6.58353293e-06 7.42465945e+02 7.42465945e+02 7.42465945e+02 7.42465945e+02
235 6.58453094e-06 6.72469280e+02 6.72469280e+02 6.72469280e+02 6.72469280e+02
236 6.58552894e-06 6.20542453e+02 6.20542453e+02 6.20542453e+02 6.20542453e+02
237 6.58652695e-06 5.84619167e+02 5.84619167e+02 5.84619167e+02 5.84619167e+02
238 6.58752495e-06 5.63138646e+02 5.63138646e+02 5.63138646e+02 5.63138646e+02
239 6.58852295e-06 5.55070997e+02 5.55070997e+02 5.55070997e+02 5.55070997e+02
240 6.58952096e-06 5.59893694e+02 5.59893694e+02 5.59893694e+02 5.59893694e+02
241 6.59051896e-06 5.77478462e+02 5.77478462e+02 5.77478462e+02 5.77478462e+02
242 6.59151697e-06 6.07992917e+02 6.07992917e+02 6.07992917e+02 6.07992917e+02
243 6.59251497e-06 6.51752207e+02 6.51752207e+02 6.51752207e+02 6.51752207e+02
244 6.59351297e-06 7.09069218e+02 7.09069218e+02 7.09069218e+02 7.09069218e+02
245 6.59451098e-06 7.80100572e+02 7.80100572e+02 7.80100572e+02 7.80100572e+02
246 6.59550898e-06 8.64714212e+02 8.64714212e+02 8.64714212e+02 8.64714212e+02
247 6.59650699e-06 9.62387734e+02 9.62387734e+02 9.62387734e+02 9.62387734e+02
248 6.59750499e-06 1.07212906e+03 1.07212906e+03 1.07212906e+03 1.07212906e+03
249 6.59850299e-06 1.19244294e+03 1.19244294e+03 1.19244294e+03 1.19244294e+03
250 6.59950100e-06 1.32133198e+03 1.32133198e+03 1.32133198e+03 1.32133198e+03
251 6.60049900e-06 1.45634054e+03 1.45634054e+03 1.45634054e+03 1.45634054e+03
252 6.60149701e-06 1.59462799e+03 1.59462799e+03 1.59462799e+03 1.59462799e+03
253 6.60249501e-06 1.73307686e+03 1.73307686e+03 1.73307686e+03 1.73307686e+03
254 6.60349301e-06 1.86841935e+03 1.86841935e+03 1.86841935e+03 1.86841935e+03
255 6.60449102e-06 1.99737704e+03 1.99737704e+03 1.99737704e+03 1.99737704e+03
256 6.60548902e-06 2.11681389e+03 2.11681389e+03 2.11681389e+03 2.11681389e+03
257 6.60648703e-06 2.22386425e+03 2.22386425e+03 2.22386425e+03 2.22386425e+03
258 6.60748503e-06 2.31607186e+03 2.31607186e+03 2.31607186e+03 2.31607186e+03
259 6.60848303e-06 2.39149575e+03 2.39149575e+03 2.39149575e+03 2.39149575e+03
260 6.60948104e-06 2.44879516e+03 2.44879516e+03 2.44879516e+03 2.44879516e+03
261 6.61047904e-06 2.48727891e+03 2.48727891e+03 2.48727891e+03 2.48727891e+03
262 6.61147705e-06 2.50691804e+03 2.50691804e+03 2.50691804e+03 2.50691804e+03
263 6.61247505e-06 2.50833008e+03 2.50833008e+03 2.50833008e+03 2.50833008e+03
264 6.61347305e-06 2.49272004e+03 2.49272004e+03 2.49272004e+03 2.49272004e+03
265 6.61447106e-06 2.46179045e+03 2.46179045e+03 2.46179045e+03 2.46179045e+03
266 6.61546906e-06 2.41762373e+03 2.41762373e+03 2.41762373e+03 2.41762373e+03
267 6.61646707e-06 2.36254486e+03 2.36254486e+03 2.36254486e+03 2.36254486e+03
268 6.61746507e-06 2.29897395e+03 2.29897395e+03 2.29897395e+03 2.29897395e+03
269 6.61846307e-06 2.22927975e+03 2.22927975e+03 2.22927975e+03 2.22927975e+03
270 6.61946108e-06 2.15564513e+03 2.15564513e+03 2.15564513e+03 2.15564513e+03
271 6.62045908e-06 2.07995489e+03 2.07995489e+03 2.07995489e+03 2.07995489e+03
272 6.62145709e-06 2.00371423e+03 2.00371423e+03 2.00371423e+03 2.00371423e+03
273 6.62245509e-06 1.92800279e+03 1.92800279e+03 1.92800279e+03 1.92800279e+03
274 6.62345309e-06 1.85346695e+03 1.85346695e+03 1.85346695e+03 1.85346695e+03
275 6.62445110e-06 1.78034843e+03 1.78034843e+03 1.78034843e+03 1.78034843e+03
276 6.62544910e-06 1.70854241e+03 1.70854241e+03 1.70854241e+03 1.70854241e+03
277 6.62644711e-06 1.63768012e+03 1.63768012e+03 1.63768012e+03 1.63768012e+03
278 6.62744511e-06 1.56722369e+03 1.56722369e+03 1.56722369e+03 1.56722369e+03
279 6.62844311e-06 1.49656445e+03 1.49656445e+03 1.49656445e+03 1.49656445e+03
280 6.62944112e-06 1.42511482e+03 1.42511482e+03 1.42511482e+03 1.42511482e+03
281 6.63043912e-06 1.35238744e+03 1.35238744e+03 1.35238744e+03 1.35238744e+03
282 6.63143713e-06 1.27805264e+03 1.27805264e+03 1.27805264e+03 1.27805264e+03
283 6.63243513e-06 1.20197690e+03 1.20197690e+03 1.20197690e+03 1.20197690e+03
284 6.63343313e-06 1.12423772e+03 1.12423772e+03 1.12423772e+03 1.12423772e+03
285 6.63443114e-06 1.04511882e+03 1.04511882e+03 1.04511882e+03 1.04511882e+03
286 6.63542914e-06 9.65088918e+02 9.65088918e+02 9.65088918e+02 9.65088918e+02
287 6.63642715e-06 8.84768056e+02 8.84768056e+02 8.84768056e+02 8.84768056e+02
288 6.63742515e-06 8.04886225e+02 8.04886225e+02 8.04886225e+02 8.04886225e+02
289 6.63842315e-06 7.26238192e+02 7.26238192e+02 7.26238192e+02 7.26238192e+02
290 6.63942116e-06 6.49638185e+02 6.49638185e+02 6.49638185e+02 6.49638185e+02
291 6.64041916e-06 5.75877221e+02 5.75877221e+02 5.75877221e+02 5.75877221e+02
292 6.64141717e-06 5.05685180e+02 5.05685180e+02 5.05685180e+02 5.05685180e+02
293 6.64241517e-06 4.39699114e+02 4.39699114e+02 4.39699114e+02 4.39699114e+02
294 6.64341317e-06 3.78438776e+02 3.78438776e+02 3.78438776e+02 3.78438776e+02
295 6.64441118e-06 3.22289927e+02 3.22289927e+02 3.22289927e+02 3.22289927e+02
296 6.64540918e-06 2.71495208e+02 2.71495208e+02 2.71495208e+02 2.71495208e+02
297 6.64640719e-06 2.26154745e+02 2.26154745e+02 2.26154745e+02 2.26154745e+02
298 6.64740519e-06 1.86230682e+02 1.86230682e+02 1.86230682e+02 1.86230682e+02
299 6.64840319e-06 1.51560129e+02 1.51560129e+02 1.51560129e+02 1.51560129e+02
300 6.64940120e-06 1.21873827e+02 1.21873827e+02 1.21873827e+02 1.21873827e+02
301 6.65039920e-06 9.68176898e+01 9.68176898e+01 9.68176898e+01 9.68176898e+01
302 6.65139721e-06 7.59751585e+01 7.59751585e+01 7.59751585e+01 7.59751585e+01
303 6.65239521e-06 5.88915047e+01 5.88915047e+01 5.88915047e+01 5.88915047e+01
304 6.65339321e-06 4.50962165e+01 4.50962165e+01 4.50962165e+01 4.50962165e+01
305 6.65439122e-06 3.41247638e+01 3.41247638e+01 3.41247638e+01 3.41247638e+01
306 6.65538922e-06 2.55303331e+01 2.55303331e+01 2.55303331e+01 2.55303331e+01
307 6.65638723e-06 1.89007245e+01 1.89007245e+01 1.89007245e+01 1.89007245e+01
308 6.65738523e-06 1.38654485e+01 1.38654485e+01 1.38654485e+01 1.38654485e+01
309 6.65838323e-06 1.01000203e+01 1.01000203e+01 1.01000203e+01 1.01000203e+01
310 6.65938124e-06 7.32806043e+00 7.32806043e+00 7.32806043e+00 7.32806043e+00
311 6.66037924e-06 5.31990443e+00 5.31990443e+00 5.31990443e+00 5.31990443e+00
312 6.66137725e-06 3.88752072e+00 3.88752072e+00 3.88752072e+00 3.88752072e+00
313 6.66237525e-06 2.88191010e+00 2.88191010e+00 2.88191010e+00 2.88191010e+00
314 6.66337325e-06 2.18705727e+00 2.18705727e+00 2.18705727e+00 2.18705727e+00
315 6.66437126e-06 1.71432964e+00 1.71432964e+00 1.71432964e+00 1.71432964e+00
316 6.66536926e-06 1.39814978e+00 1.39814978e+00 1.39814978e+00 1.39814978e+00
317 6.66636727e-06 1.18988776e+00 1.18988776e+00 1.18988776e+00 1.18988776e+00
318 6.66736527e-06 1.05487852e+00 1.05487852e+00 1.05487852e+00 1.05487852e+00
319 6.66836327e-06 9.68746427e-01 9.68746427e-01 9.68746427e-01 9.68746427e-01
320 6.66936128e-06 9.14389876e-01 9.14389876e-01 9.14389876e-01 9.14389876e-01
321 6.67035928e-06 8.80693827e-01 8.80693827e-01 8.80693827e-01 8.80693827e-01
322 6.67135729e-06 8.60651969e-01 8.60651969e-01 8.60651969e-01 8.60651969e-01
323 6.67235529e-06 8.48637423e-01 8.48637423e-01 8.48637423e-01 8.48637423e-01
324 6.67335329e-06 8.41961593e-01 8.41961593e-01 8.41961593e-01 8.41961593e-01
325 6.67435130e-06 8.38209715e-01 8.38209715e-01 8.38209715e-01 8.38209715e-01
326 6.67534930e-06 8.36472751e-01 8.36472751e-01 8.36472751e-01 8.36472751e-01
327 6.67634731e-06 8.36345043e-01 8.36345043e-01 8.36345043e-01 8.36345043e-01
328 6.67734531e-06 8.37611627e-01 8.37611627e-01 8.37611627e-01 8.37611627e-01
329 6.67834331e-06 8.40816562e-01 8.40816562e-01 8.40816562e-01 8.40816562e-01
330 6.67934132e-06 8.46478005e-01 8.46478005e-01 8.46478005e-01 8.46478005e-01
331 6.68033932e-06 8.56622868e-01 8.56622868e-01 8.56622868e-01 8.56622868e-01
332 6.68133733e-06 8.73330699e-01 8.73330699e-01 8.73330699e-01 8.73330699e-01
333 6.68233533e-06 9.00397732e-01 9.00397732e-01 9.00397732e-01 9.00397732e-01
334 6.68333333e-06 9.43528134e-01 9.43528134e-01 9.43528134e-01 9.43528134e-01
335 6.68433134e-06 1.01112428e+00 1.01112428e+00 1.01112428e+00 1.01112428e+00
336 6.68532934e-06 1.11531440e+00 1.11531440e+00 1.11531440e+00 1.11531440e+00
337 6.68632735e-06 1.27324443e+00 1.27324443e+00 1.27324443e+00 1.27324443e+00
338 6.68732535e-06 1.50864128e+00 1.50864128e+00 1.50864128e+00 1.50864128e+00
339 6.68832335e-06 1.85362156e+00 1.85362156e+00 1.85362156e+00 1.85362156e+00
340 6.68932136e-06 2.35067261e+00 2.35067261e+00 2.35067261e+00 2.35067261e+00
341 6.69031936e-06 3.05466967e+00 3.05466967e+00 3.05466967e+00 3.05466967e+00
342 6.69131737e-06 4.03471816e+00 4.03471816e+00 4.03471816e+00 4.03471816e+00
343 6.69231537e-06 5.37552910e+00 5.37552910e+00 5.37552910e+00 5.37552910e+00
344 6.69331337e-06 7.17795936e+00 7.17795936e+00 7.17795936e+00 7.17795936e+00
345 6.69431138e-06 9.55829190e+00 9.55829190e+00 9.55829190e+00 9.55829190e+00
346 6.69530938e-06 1.26458126e+01 1.26458126e+01 1.26458126e+01 1.26458126e+01
347 6.69630739e-06 1.65782782e+01 1.65782782e+01 1.65782782e+01 1.65782782e+01
348 6.69730539e-06 2.14949826e+01 2.14949826e+01 2.14949826e+01 2.14949826e+01
349 6.69830339e-06 2.75273220e+01 2.75273220e+01 2.75273220e+01 2.75273220e+01
350 6.69930140e-06 3.47870410e+01 3.47870410e+01 3.47870410e+01 3.47870410e+01
351 6.70029940e-06 4.33526802e+01 4.33526802e+01 4.33526802e+01 4.33526802e+01
352 6.70129741e-06 5.32551279e+01 5.32551279e+01 5.32551279e+01 5.32551279e+01
353 6.70229541e-06 6.44635330e+01 6.44635330e+01 6.44635330e+01 6.44635330e+01
354 6.70329341e-06 7.68731245e+01 7.68731245e+01 7.68731245e+01 7.68731245e+01
355 6.70429142e-06 9.02966214e+01 9.02966214e+01 9.02966214e+01 9.02966214e+01
356 6.70528942e-06 1.04460867e+02 1.04460867e+02 1.04460867e+02 1.04460867e+02
357 6.70628743e-06 1.19010037e+02 1.19010037e+02 1.19010037e+02 1.19010037e+02
358 6.70728543e-06 1.33516247e+02 1.33516247e+02 1.33516247e+02 1.33516247e+02
359 6.70828343e-06 1.47497683e+02 1.47497683e+02 1.47497683e+02 1.47497683e+02
360 6.70928144e-06 1.60443503e+02 1.60443503e+02 1.60443503e+02 1.60443503e+02
361 6.71027944e-06 1.71843916e+02 1.71843916e+02 1.71843916e+02 1.71843916e+02
362 6.71127745e-06 1.81223077e+02 1.81223077e+02 1.81223077e+02 1.81223077e+02
363 6.71227545e-06 1.88171863e+02 1.88171863e+02 1.88171863e+02 1.88171863e+02
364 6.71327345e-06 1.92377432e+02 1.92377432e+02 1.92377432e+02 1.92377432e+02
365 6.71427146e-06 1.93646564e+02 1.93646564e+02 1.93646564e+02 1.93646564e+02
366 6.71526946e-06 1.91920382e+02 1.91920382e+02 1.91920382e+02 1.91920382e+02
367 6.71626747e-06 1.87278884e+02 1.87278884e+02 1.87278884e+02 1.87278884e+02
368 6.71726547e-06 1.79934791e+02 1.79934791e+02 1.79934791e+02 1.79934791e+02
369 6.71826347e-06 1.70217385e+02 1.70217385e+02 1.70217385e+02 1.70217385e+02
370 6.71926148e-06 1.58548040e+02 1.58548040e+02 1.58548040e+02 1.58548040e+02
371 6.72025948e-06 1.45409967e+02 1.45409967e+02 1.45409967e+02 1.45409967e+02
372 6.72125749e-06 1.31315222e+02 1.31315222e+02 1.31315222e+02 1.31315222e+02
373 6.72225549e-06 1.16772061e+02 1.16772061e+02 1.16772061e+02 1.16772061e+02
374 6.72325349e-06 1.02255514e+02 1.02255514e+02 1.02255514e+02 1.02255514e+02
375 6.72425150e-06 8.81834361e+01 8.81834361e+01 8.81834361e+01 8.81834361e+01
376 6.72524950e-06 7.48995021e+01 7.48995021e+01 7.48995021e+01 7.48995021e+01
377 6.72624750e-06 6.26637581e+01 6.26637581e+01 6.26637581e+01 6.26637581e+01
378 6.72724551e-06 5.16504878e+01 5.16504878e+01 5.16504878e+01 5.16504878e+01
379 6.72824351e-06 4.19524760e+01 4.19524760e+01 4.19524760e+01 4.19524760e+01
380 6.72924152e-06 3.35902579e+01 3.35902579e+01 3.35902579e+01 3.35902579e+01
381 6.73023952e-06 2.65247011e+01 2.65247011e+01 2.65247011e+01 2.65247011e+01
382 6.73123752e-06 2.06712428e+01 2.06712428e+01 2.06712428e+01 2.06712428e+01
383 6.73223553e-06 1.59142758e+01 1.59142758e+01 1.59142758e+01 1.59142758e+01
384 6.73323353e-06 1.21204749e+01 1.21204749e+01 1.21204749e+01 1.21204749e+01
385 6.73423154e-06 9.15022207e+00 9.15022207e+00 9.15022207e+00 9.15022207e+00
386 6.73522954e-06 6.86666231e+00 6.86666231e+00 6.86666231e+00 6.86666231e+00
387 6.73622754e-06 5.14225779e+00 5.14225779e+00 5.14225779e+00 5.14225779e+00
388 6.73722555e-06 3.86297434e+00 3.86297434e+00 3.86297434e+00 3.86297434e+00
389 6.73822355e-06 2.93041554e+00 2.93041554e+00 2.93041554e+00 2.93041554e+00
390 6.73922156e-06 2.26232037e+00 2.26232037e+00 2.26232037e+00 2.26232037e+00
391 6.74021956e-06 1.79186821e+00 1.79186821e+00 1.79186821e+00 1.79186821e+00
392 6.74121756e-06 1.46620940e+00 1.46620940e+00 1.46620940e+00 1.46620940e+00
393 6.74221557e-06 1.24457894e+00 1.24457894e+00 1.24457894e+00 1.24457894e+00
394 6.74321357e-06 1.09627277e+00 1.09627277e+00 1.09627277e+00 1.09627277e+00
395 6.74421158e-06 9.98685912e-01 9.98685912e-01 9.98685912e-01 9.98685912e-01
396 6.74520958e-06 9.35537676e-01 9.35537676e-01 9.35537676e-01 9.35537676e-01
397 6.74620758e-06 8.95349266e-01 8.95349266e-01 8.95349266e-01 8.95349266e-01
398 6.74720559e-06 8.70193412e-01 8.70193412e-01 8.70193412e-01 8.70193412e-01
399 6.74820359e-06 8.54705163e-01 8.54705163e-01 8.54705163e-01 8.54705163e-01
400 6.74920160e-06 8.45324910e-01 8.45324910e-01 8.45324910e-01 8.45324910e-01
401 6.75019960e-06 8.39736378e-01 8.39736378e-01 8.39736378e-01 8.39736378e-01
402 6.75119760e-06 8.36460920e-01 8.36460920e-01 8.36460920e-01 8.36460920e-01
403 6.75219561e-06 8.34572252e-01 8.34572252e-01 8.34572252e-01 8.34572252e-01
404 6.75319361e-06 8.33500816e-01 8.33500816e-01 8.33500816e-01 8.33500816e-01
405 6.75419162e-06 8.32902792e-01 8.32902792e-01 8.32902792e-01 8.32902792e-01
406 6.75518962e-06 8.32574373e-01 8.32574373e-01 8.32574373e-01 8.32574373e-01
407 6.75618762e-06 8.32202466e-01 8.32202466e-01 8.32202466e-01 8.32202466e-01
408 6.75718563e-06 8.32202466e-01 8.32202466e-01 8.32202466e-01 8.32202466e-01
409 6.75818363e-06 8.32202466e-01 8.32202466e-01 8.32202466e-01 8.32202466e-01
410 6.75918164e-06 8.32202466e-01 8.32202466e-01 8.32202466e-01 8.32202466e-01
411 6.76017964e-06 8.32202466e-01 8.32202466e-01 8.32202466e-01 8.32202466e-01
412 6.76117764e-06 8.32202466e-01 8.32202466e-01 8.32202466e-01 8.32202466e-01
413 6.76217565e-06 8.32202466e-01 8.32202466e-01 8.32202466e-01 8.32202466e-01
414 6.76317365e-06 8.32202466e-01 8.32202466e-01 8.32202466e-01 8.32202466e-01
415 6.76417166e-06 8.32202466e-01 8.32202466e-01 8.32202466e-01 8.32202466e-01
416 6.76516966e-06 8.32202466e-01 8.32202466e-01 8.32202466e-01 8.32202466e-01
417 6.76616766e-06 8.32202466e-01 8.32202466e-01 8.32202466e-01 8.32202466e-01
418 6.76716567e-06 8.32202466e-01 8.32202466e-01 8.32202466e-01 8.32202466e-01
419 6.76816367e-06 8.32202466e-01 8.32202466e-01 8.32202466e-01 8.32202466e-01
420 6.76916168e-06 8.32202466e-01 8.32202466e-01 8.32202466e-01 8.32202466e-01
421 6.77015968e-06 8.32202466e-01 8.32202466e-01 8.32202466e-01 8.32202466e-01
422 6.77115768e-06 8.32202466e-01 8.32202466e-01 8.32202466e-01 8.32202466e-01
423 6.77215569e-06 8.32202466e-01 8.32202466e-01 8.32202466e-01 8.32202466e-01
424 6.77315369e-06 8.32202466e-01 8.32202466e-01 8.32202466e-01 8.32202466e-01
425 6.77415170e-06 8.32202466e-01 8.32202466e-01 8.32202466e-01 8.32202466e-01
426 6.77514970e-06 8.32202466e-01 8.32202466e-01 8.32202466e-01 8.32202466e-01
427 6.77614770e-06 8.32202466e-01 8.32202466e-01 8.32202466e-01 8.32202466e-01
428 6.77714571e-06 8.32202466e-01 8.32202466e-01 8.32202466e-01 8.32202466e-01
429 6.77814371e-06 8.32202466e-01 8.32202466e-01 8.32202466e-01 8.32202466e-01
430 6.77914172e-06 8.32202466e-01 8.32202466e-01 8.32202466e-01 8.32202466e-01
431 6.78013972e-06 8.32202466e-01 8.32202466e-01 8.32202466e-01 8.32202466e-01
432 6.78113772e-06 8.32202466e-01 8.32202466e-01 8.32202466e-01 8.32202466e-01
433 6.78213573e-06 8.32202466e-01 8.32202466e-01 8.32202466e-01 8.32202466e-01
434 6.78313373e-06 8.32202466e-01 8.32202466e-01 8.32202466e-01 8.32202466e-01
435 6.78413174e-06 8.32202466e-01 8.32202466e-01 8.32202466e-01 8.32202466e-01
436 6.78512974e-06 8.32202466e-01 8.32202466e-01 8.32202466e-01 8.32202466e-01
437 6.78612774e-06 8.32202466e-01 8.32202466e-01 8.32202466e-01 8.32202466e-01
438 6.78712575e-06 8.32202466e-01 8.32202466e-01 8.32202466e-01 8.32202466e-01
439 6.78812375e-06 8.32202466e-01 8.32202466e-01 8.32202466e-01 8.32202466e-01
440 6.78912176e-06 8.32202466e-01 8.32202466e-01 8.32202466e-01 8.32202466e-01
441 6.79011976e-06 8.32202466e-01 8.32202466e-01 8.32202466e-01 8.32202466e-01
442 6.79111776e-06 8.32202466e-01 8.32202466e-01 8.32202466e-01 8.32202466e-01
443 6.79211577e-06 8.32202466e-01 8.32202466e-01 8.32202466e-01 8.32202466e-01
444 6.79311377e-06 8.32202466e-01 8.32202466e-01 8.32202466e-01 8.32202466e-01
445 6.79411178e-06 8.32202466e-01 8.32202466e-01 8.32202466e-01 8.32202466e-01
446 6.79510978e-06 8.32202466e-01 8.32202466e-01 8.32202466e-01 8.32202466e-01
447 6.79610778e-06 8.32202466e-01 8.32202466e-01 8.32202466e-01 8.32202466e-01
448 6.79710579e-06 8.32202466e-01 8.32202466e-01 8.32202466e-01 8.32202466e-01
449 6.79810379e-06 8.32202466e-01 8.32202466e-01 8.32202466e-01 8.32202466e-01
450 6.79910180e-06 8.32202466e-01 8.32202466e-01 8.32202466e-01 8.32202466e-01
451 6.80009980e-06 8.32202466e-01 8.32202466e-01 8.32202466e-01 8.32202466e-01
452 6.80109780e-06 8.32202466e-01 8.32202466e-01 8.32202466e-01 8.32202466e-01
453 6.80209581e-06 8.32202466e-01 8.32202466e-01 8.32202466e-01 8.32202466e-01
454 6.80309381e-06 8.32202466e-01 8.32202466e-01 8.32202466e-01 8.32202466e-01
455 6.80409182e-06 8.32202466e-01 8.32202466e-01 8.32202466e-01 8.32202466e-01
456 6.80508982e-06 8.32202466e-01 8.32202466e-01 8.32202466e-01 8.32202466e-01
457 6.80608782e-06 8.32202466e-01 8.32202466e-01 8.32202466e-01 8.32202466e-01
458 6.80708583e-06 8.32202466e-01 8.32202466e-01 8.32202466e-01 8.32202466e-01
459 6.80808383e-06 8.32202466e-01 8.32202466e-01 8.32202466e-01 8.32202466e-01
460 6.80908184e-06 8.32202466e-01 8.32202466e-01 8.32202466e-01 8.32202466e-01
461 6.81007984e-06 8.32202466e-01 8.32202466e-01 8.32202466e-01 8.32202466e-01
462 6.81107784e-06 8.32202466e-01 8.32202466e-01 8.32202466e-01 8.32202466e-01
463 6.81207585e-06 8.32202466e-01 8.32202466e-01 8.32202466e-01 8.32202466e-01
464 6.81307385e-06 8.32202466e-01 8.32202466e-01 8.32202466e-01 8.32202466e-01
465 6.81407186e-06 8.32202466e-01 8.32202466e-01 8.32202466e-01 8.32202466e-01
466 6.81506986e-06 8.32202466e-01 8.32202466e-01 8.32202466e-01 8.32202466e-01
467 6.81606786e-06 8.32202466e-01 8.32202466e-01 8.32202466e-01 8.32202466e-01
468 6.81706587e-06 8.32202466e-01 8.32202466e-01 8.32202466e-01 8.32202466e-01
469 6.81806387e-06 8.32202466e-01 8.32202466e-01 8.32202466e-01 8.32202466e-01
470 6.81906188e-06 8.32202466e-01 8.32202466e-01 8.32202466e-01 8.32202466e-01
471 6.82005988e-06 8.32202466e-01 8.32202466e-01 8.32202466e-01 8.32202466e-01
472 6.82105788e-06 8.32202466e-01 8.32202466e-01 8.32202466e-01 8.32202466e-01
473 6.82205589e-06 8.32202466e-01 8.32202466e-01 8.32202466e-01 8.32202466e-01
474 6.82305389e-06 8.32202466e-01 8.32202466e-01 8.32202466e-01 8.32202466e-01
475 6.82405190e-06 8.32202466e-01 8.32202466e-01 8.32202466e-01 8.32202466e-01
476 6.82504990e-06 8.32202466e-01 8.32202466e-01 8.32202466e-01 8.32202466e-01
477 6.82604790e-06 8.32202466e-01 8.32202466e-01 8.32202466e-01 8.32202466e-01
478 6.82704591e-06 8.32202466e-01 8.32202466e-01 8.32202466e-01 8.32202466e-01
479 6.82804391e-06 8.32202466e-01 8.32202466e-01 8.32202466e-01 8.32202466e-01
480 6.82904192e-06 8.32202466e-01 8.32202466e-01 8.32202466e-01 8.32202466e-01
481 6.83003992e-06 8.32202466e-01 8.32202466e-01 8.32202466e-01 8.32202466e-01
482 6.83103792e-06 8.32202466e-01 8.32202466e-01 8.32202466e-01 8.32202466e-01
483 6.83203593e-06 8.32202466e-01 8.32202466e-01 8.32202466e-01 8.32202466e-01
484 6.83303393e-06 8.32202466e-01 8.32202466e-01 8.32202466e-01 8.32202466e-01
485 6.83403194e-06 8.32202466e-01 8.32202466e-01 8.32202466e-01 8.32202466e-01
486 6.83502994e-06 8.32202466e-01 8.32202466e-01 8.32202466e-01 8.32202466e-01
487 6.83602794e-06 8.32202466e-01 8.32202466e-01 8.32202466e-01 8.32202466e-01
488 6.83702595e-06 8.32202466e-01 8.32202466e-01 8.32202466e-01 8.32202466e-01
489 6.83802395e-06 8.32202466e-01 8.32202466e-01 8.32202466e-01 8.32202466e-01
490 6.83902196e-06 8.32202466e-01 8.32202466e-01 8.32202466e-01 8.32202466e-01
491 6.84001996e-06 8.32202466e-01 8.32202466e-01 8.32202466e-01 8.32202466e-01
492 6.84101796e-06 8.32202466e-01 8.32202466e-01 8.32202466e-01 8.32202466e-01
493 6.84201597e-06 8.32202466e-01 8.32202466e-01 8.32202466e-01 8.32202466e-01
494 6.84301397e-06 8.32202466e-01 8.32202466e-01 8.32202466e-01 8.32202466e-01
495 6.84401198e-06 8.32202466e-01 8.32202466e-01 8.32202466e-01 8.32202466e-01
496 6.84500998e-06 8.32202466e-01 8.32202466e-01 8.32202466e-01 8.32202466e-01
497 6.84600798e-06 8.32202466e-01 8.32202466e-01 8.32202466e-01 8.32202466e-01
498 6.84700599e-06 8.32202466e-01 8.32202466e-01 8.32202466e-01 8.32202466e-01
499 6.84800399e-06 8.32202466e-01 8.32202466e-01 8.32202466e-01 8.32202466e-01
500 6.84900200e-06 8.32202466e-01 8.32202466e-01 8.32202466e-01 8.32202466e-01
