0 6.35000000e-06 7.32418279e-07 7.32418279e-07 7.32418279e-07 7.32418279e-07
1 6.35099800e-06 7.32418279e-07 7.32418279e-07 7.32418279e-07 7.32418279e-07
2 6.35199601e-06 7.32418279e-07 7.32418279e-07 7.32418279e-07 7.32418279e-07
3 6.35299401e-06 7.32418279e-07 7.32418279e-07 7.32418279e-07 7.32418279e-07
4 6.35399202e-06 7.32418279e-07 7.32418279e-07 7.32418279e-07 7.32418279e-07
5 6.35499002e-06 7.32418279e-07 7.32418279e-07 7.32418279e-07 7.32418279e-07
6 6.35598802e-06 7.32418279e-07 7.32418279e-07 7.32418279e-07 7.32418279e-07
7 6.35698603e-06 7.32418279e-07 7.32418279e-07 7.32418279e-07 7.32418279e-07
8 6.35798403e-06 7.32418279e-07 7.32418279e-07 7.32418279e-07 7.32418279e-07
9 6.35898204e-06 7.32418279e-07 7.32418279e-07 7.32418279e-07 7.32418279e-07
10 6.35998004e-06 7.32418279e-07 7.32418279e-07 7.32418279e-07 7.32418279e-07
11 6.36097804e-06 7.32418279e-07 7.32418279e-07 7.32418279e-07 7.32418279e-07
12 6.36197605e-06 7.32418279e-07 7.32418279e-07 7.32418279e-07 7.32418279e-07
13 6.36297405e-06 7.32418279e-07 7.32418279e-07 7.32418279e-07 7.32418279e-07
14 6.36397206e-06 7.32418279e-07 7.32418279e-07 7.32418279e-07 7.32418279e-07
15 6.36497006e-06 7.32418279e-07 7.32418279e-07 7.32418279e-07 7.32418279e-07
16 6.36596806e-06 7.32418279e-07 7.32418279e-07 7.32418279e-07 7.32418279e-07
17 6.36696607e-06 7.32418279e-07 7.32418279e-07 7.32418279e-07 7.32418279e-07
18 6.36796407e-06 7.32418279e-07 7.32418279e-07 7.32418279e-07 7.32418279e-07
19 6.36896208e-06 7.32418279e-07 7.32418279e-07 7.32418279e-07 7.32418279e-07
20 6.36996008e-06 7.32418279e-07 7.32418279e-07 7.32418279e-07 7.32418279e-07
21 6.37095808e-06 7.32418279e-07 7.32418279e-07 7.32418279e-07 7.32418279e-07
22 6.37195609e-06 7.32418279e-07 7.32418279e-07 7.32418279e-07 7.32418279e-07
23 6.37295409e-06 7.32418279e-07 7.32418279e-07 7.32418279e-07 7.32418279e-07
24 6.37395210e-06 7.32418279e-07 7.32418279e-07 7.32418279e-07 7.32418279e-07
25 6.37495010e-06 7.32418279e-07 7.32418279e-07 7.32418279e-07 7.32418279e-07
26 6.37594810e-06 7.32418279e-07 7.32418279e-07 7.32418279e-07 7.32418279e-07
27 6.37694611e-06 7.32418279e-07 7.32418279e-07 7.32418279e-07 7.32418279e-07
28 6.37794411e-06 7.32418279e-07 7.32418279e-07 7.32418279e-07 7.32418279e-07
29 6.37894212e-06 7.32418279e-07 7.32418279e-07 7.32418279e-07 7.32418279e-07
30 6.37994012e-06 7.32418279e-07 7.32418279e-07 7.32418279e-07 7.32418279e-07
31 6.38093812e-06 7.32418279e-07 7.32418279e-07 7.32418279e-07 7.32418279e-07
32 6.38193613e-06 7.32418279e-07 7.32418279e-07 7.32418279e-07 7.32418279e-07
33 6.38293413e-06 7.32418279e-07 7.32418279e-07 7.32418279e-07 7.32418279e-07
34 6.38393214e-06 7.32418279e-07 7.32418279e-07 7.32418279e-07 7.32418279e-07
35 6.38493014e-06 7.32418279e-07 7.32418279e-07 7.32418279e-07 7.32418279e-07
36 6.38592814e-06 7.32418279e-07 7.32418279e-07 7.32418279e-07 7.32418279e-07
37 6.38692615e-06 7.32418279e-07 7.32418279e-07 7.32418279e-07 7.32418279e-07
38 6.38792415e-06 7.32418279e-07 7.32418279e-07 7.32418279e-07 7.32418279e-07
39 6.38892216e-06 7.32418279e-07 7.32418279e-07 7.32418279e-07 7.32418279e-07
40 6.38992016e-06 7.32418279e-07 7.32418279e-07 7.32418279e-07 7.32418279e-07
41 6.39091816e-06 7.32418279e-07 7.32418279e-07 7.32418279e-07 7.32418279e-07
42 6.39191617e-06 7.32418279e-07 7.32418279e-07 7.32418279e-07 7.32418279e-07
43 6.39291417e-06 7.32418279e-07 7.32418279e-07 7.32418279e-07 7.32418279e-07
44 6.39391218e-06 7.32418279e-07 7.32418279e-07 7.32418279e-07 7.32418279e-07
45 6.39491018e-06 7.32418279e-07 7.32418279e-07 7.32418279e-07 7.32418279e-07
46 6.39590818e-06 7.32418279e-07 7.32418279e-07 7.32418279e-07 7.32418279e-07
47 6.39690619e-06 7.32418279e-07 7.32418279e-07 7.32418279e-07 7.32418279e-07
48 6.39790419e-06 7.32418279e-07 7.32418279e-07 7.32418279e-07 7.32418279e-07
49 6.39890220e-06 7.32418279e-07 7.32418279e-07 7.32418279e-07 7.32418279e-07
50 6.39990020e-06 7.32418279e-07 7.32418279e-07 7.32418279e-07 7.32418279e-07
51 6.40089820e-06 7.32418279e-07 7.32418279e-07 7.32418279e-07 7.32418279e-07
52 6.40189621e-06 7.32418279e-07 7.32418279e-07 7.32418279e-07 7.32418279e-07
53 6.40289421e-06 7.32418279e-07 7.32418279e-07 7.32418279e-07 7.32418279e-07
54 6.40389222e-06 7.32418279e-07 7.32418279e-07 7.32418279e-07 7.32418279e-07
55 6.40489022e-06 7.32418279e-07 7.32418279e-07 7.32418279e-07 7.32418279e-07
56 6.40588822e-06 7.32418279e-07 7.32418279e-07 7.32418279e-07 7.32418279e-07
57 6.40688623e-06 7.32418279e-07 7.32418279e-07 7.32418279e-07 7.32418279e-07
58 6.40788423e-06 7.32418279e-07 7.32418279e-07 7.32418279e-07 7.32418279e-07
59 6.40888224e-06 7.32418279e-07 7.32418279e-07 7.32418279e-07 7.32418279e-07
60 6.40988024e-06 7.32418279e-07 7.32418279e-07 7.32418279e-07 7.32418279e-07
61 6.41087824e-06 7.32418279e-07 7.32418279e-07 7.32418279e-07 7.32418279e-07
62 6.41187625e-06 7.32418279e-07 7.32418279e-07 7.32418279e-07 7.32418279e-07
63 6.41287425e-06 7.32418279e-07 7.32418279e-07 7.32418279e-07 7.32418279e-07
64 6.41387226e-06 7.32418279e-07 7.32418279e-07 7.32418279e-07 7.32418279e-07
65 6.41487026e-06 7.32418279e-07 7.32418279e-07 7.32418279e-07 7.32418279e-07
66 6.41586826e-06 7.32418279e-07 7.32418279e-07 7.32418279e-07 7.32418279e-07
67 6.41686627e-06 7.32418279e-07 7.32418279e-07 7.32418279e-07 7.32418279e-07
68 6.41786427e-06 7.32418279e-07 7.32418279e-07 7.32418279e-07 7.32418279e-07
69 6.41886228e-06 7.32418279e-07 7.32418279e-07 7.32418279e-07 7.32418279e-07
70 6.41986028e-06 7.32418279e-07 7.32418279e-07 7.32418279e-07 7.32418279e-07
71 6.42085828e-06 7.32418279e-07 7.32418279e-07 7.32418279e-07 7.32418279e-07
72 6.42185629e-06 7.32418279e-07 7.32418279e-07 7.32418279e-07 7.32418279e-07
73 6.42285429e-06 7.32418279e-07 7.32418279e-07 7.32418279e-07 7.32418279e-07
74 6.42385230e-06 7.32418279e-07 7.32418279e-07 7.32418279e-07 7.32418279e-07
75 6.42485030e-06 7.32418279e-07 7.32418279e-07 7.32418279e-07 7.32418279e-07
76 6.42584830e-06 7.32418279e-07 7.32418279e-07 7.32418279e-07 7.32418279e-07
77 6.42684631e-06 7.32418279e-07 7.32418279e-07 7.32418279e-07 7.32418279e-07
78 6.42784431e-06 7.32418279e-07 7.32418279e-07 7.32418279e-07 7.32418279e-07
79 6.42884232e-06 7.32418279e-07 7.32418279e-07 7.32418279e-07 7.32418279e-07
80 6.42984032e-06 7.32418279e-07 7.32418279e-07 7.32418279e-07 7.32418279e-07
81 6.43083832e-06 7.32418279e-07 7.32418279e-07 7.32418279e-07 7.32418279e-07
82 6.43183633e-06 7.32418279e-07 7.32418279e-07 7.32418279e-07 7.32418279e-07
83 6.43283433e-06 7.32418279e-07 7.32418279e-07 7.32418279e-07 7.32418279e-07
84 6.43383234e-06 7.32418279e-07 7.32418279e-07 7.32418279e-07 7.32418279e-07
85 6.43483034e-06 7.32418279e-07 7.32418279e-07 7.32418279e-07 7.32418279e-07
86 6.43582834e-06 7.32418279e-07 7.32418279e-07 7.32418279e-07 7.32418279e-07
87 6.43682635e-06 7.32418279e-07 7.32418279e-07 7.32418279e-07 7.32418279e-07
88 6.43782435e-06 7.32418279e-07 7.32418279e-07 7.32418279e-07 7.32418279e-07
89 6.43882236e-06 7.32418279e-07 7.32418279e-07 7.32418279e-07 7.32418279e-07
90 6.43982036e-06 7.32418279e-07 7.32418279e-07 7.32418279e-07 7.32418279e-07
91 6.44081836e-06 7.32418279e-07 7.32418279e-07 7.32418279e-07 7.32418279e-07
92 6.44181637e-06 7.32418279e-07 7.32418279e-07 7.32418279e-07 7.32418279e-07
93 6.44281437e-06 7.32418279e-07 7.32418279e-07 7.32418279e-07 7.32418279e-07
94 6.44381238e-06 7.32418279e-07 7.32418279e-07 7.32418279e-07 7.32418279e-07
95 6.44481038e-06 7.32418279e-07 7.32418279e-07 7.32418279e-07 7.32418279e-07
96 6.44580838e-06 7.32418279e-07 7.32418279e-07 7.32418279e-07 7.32418279e-07
97 6.44680639e-06 7.32418279e-07 7.32418279e-07 7.32418279e-07 7.32418279e-07
98 6.44780439e-06 7.32418279e-07 7.32418279e-07 7.32418279e-07 7.32418279e-07
99 6.44880240e-06 7.32418279e-07 7.32418279e-07 7.32418279e-07 7.32418279e-07
100 6.44980040e-06 7.32418279e-07 7.32418279e-07 7.32418279e-07 7.32418279e-07
101 6.45079840e-06 7.32418279e-07 7.32418279e-07 7.32418279e-07 7.32418279e-07
102 6.45179641e-06 7.32418279e-07 7.32418279e-07 7.32418279e-07 7.32418279e-07
103 6.45279441e-06 7.32418279e-07 7.32418279e-07 7.32418279e-07 7.32418279e-07
104 6.45379242e-06 7.32418279e-07 7.32418279e-07 7.32418279e-07 7.32418279e-07
105 6.45479042e-06 7.32418279e-07 7.32418279e-07 7.32418279e-07 7.32418279e-07
106 6.45578842e-06 7.32418279e-07 7.32418279e-07 7.32418279e-07 7.32418279e-07
107 6.45678643e-06 7.32418279e-07 7.32418279e-07 7.32418279e-07 7.32418279e-07
108 6.45778443e-06 7.32418279e-07 7.32418279e-07 7.32418279e-07 7.32418279e-07
109 6.45878244e-06 7.32418279e-07 7.32418279e-07 7.32418279e-07 7.32418279e-07
110 6.45978044e-06 7.32418279e-07 7.32418279e-07 7.32418279e-07 7.32418279e-07
111 6.46077844e-06 7.32418279e-07 7.32418279e-07 7.32418279e-07 7.32418279e-07
112 6.46177645e-06 7.32418279e-07 7.32418279e-07 7.32418279e-07 7.32418279e-07
113 6.46277445e-06 7.32418279e-07 7.32418279e-07 7.32418279e-07 7.32418279e-07
114 6.46377246e-06 7.32418279e-07 7.32418279e-07 7.32418279e-07 7.32418279e-07
115 6.46477046e-06 7.32418279e-07 7.32418279e-07 7.32418279e-07 7.32418279e-07
116 6.46576846e-06 7.32418279e-07 7.32418279e-07 7.32418279e-07 7.32418279e-07
117 6.46676647e-06 7.32418279e-07 7.32418279e-07 7.32418279e-07 7.32418279e-07
118 6.46776447e-06 7.32418279e-07 7.32418279e-07 7.32418279e-07 7.32418279e-07
119 6.46876248e-06 7.32418279e-07 7.32418279e-07 7.32418279e-07 7.32418279e-07
120 6.46976048e-06 7.32418279e-07 7.32418279e-07 7.32418279e-07 7.32418279e-07
121 6.47075848e-06 7.32418279e-07 7.32418279e-07 7.32418279e-07 7.32418279e-07
122 6.47175649e-06 7.32418279e-07 7.32418279e-07 7.32418279e-07 7.32418279e-07
123 6.47275449e-06 7.32418279e-07 7.32418279e-07 7.32418279e-07 7.32418279e-07
124 6.47375250e-06 7.32418279e-07 7.32418279e-07 7.32418279e-07 7.32418279e-07
125 6.47475050e-06 7.32418279e-07 7.32418279e-07 7.32418279e-07 7.32418279e-07
126 6.47574850e-06 7.32418279e-07 7.32418279e-07 7.32418279e-07 7.32418279e-07
127 6.47674651e-06 7.32418279e-07 7.32418279e-07 7.32418279e-07 7.32418279e-07
128 6.47774451e-06 7.32418279e-07 7.32418279e-07 7.32418279e-07 7.32418279e-07
129 6.47874251e-06 7.32418279e-07 7.32418279e-07 7.32418279e-07 7.32418279e-07
130 6.47974052e-06 7.32418279e-07 7.32418279e-07 7.32418279e-07 7.32418279e-07
131 6.48073852e-06 7.32418279e-07 7.32418279e-07 7.32418279e-07 7.32418279e-07
132 6.48173653e-06 7.32418279e-07 7.32418279e-07 7.32418279e-07 7.32418279e-07
133 6.48273453e-06 7.32418279e-07 7.32418279e-07 7.32418279e-07 7.32418279e-07
134 6.48373253e-06 7.32418279e-07 7.32418279e-07 7.32418279e-07 7.32418279e-07
135 6.48473054e-06 7.32418279e-07 7.32418279e-07 7.32418279e-07 7.32418279e-07
136 6.48572854e-06 7.32418279e-07 7.32418279e-07 7.32418279e-07 7.32418279e-07
137 6.48672655e-06 7.32418279e-07 7.32418279e-07 7.32418279e-07 7.32418279e-07
138 6.48772455e-06 7.32418279e-07 7.32418279e-07 7.32418279e-07 7.32418279e-07
139 6.48872255e-06 7.32418279e-07 7.32418279e-07 7.32418279e-07 7.32418279e-07
140 6.48972056e-06 7.32418279e-07 7.32418279e-07 7.32418279e-07 7.32418279e-07
141 6.49071856e-06 7.32418279e-07 7.32418279e-07 7.32418279e-07 7.32418279e-07
142 6.49171657e-06 7.32418279e-07 7.32418279e-07 7.32418279e-07 7.32418279e-07
143 6.49271457e-06 7.32418279e-07 7.32418279e-07 7.32418279e-07 7.32418279e-07
144 6.49371257e-06 7.32418279e-07 7.32418279e-07 7.32418279e-07 7.32418279e-07
145 6.49471058e-06 7.32418279e-07 7.32418279e-07 7.32418279e-07 7.32418279e-07
146 6.49570858e-06 7.32418279e-07 7.32418279e-07 7.32418279e-07 7.32418279e-07
147 6.49670659e-06 7.32418279e-07 7.32418279e-07 7.32418279e-07 7.32418279e-07
148 6.49770459e-06 7.32418279e-07 7.32418279e-07 7.32418279e-07 7.32418279e-07
149 6.49870259e-06 7.32418279e-07 7.32418279e-07 7.32418279e-07 7.32418279e-07
150 6.49970060e-06 7.32418279e-07 7.32418279e-07 7.32418279e-07 7.32418279e-07
151 6.50069860e-06 7.32418279e-07 7.32418279e-07 7.32418279e-07 7.32418279e-07
152 6.50169661e-06 7.32418279e-07 7.32418279e-07 7.32418279e-07 7.32418279e-07
153 6.50269461e-06 7.32418279e-07 7.32418279e-07 7.32418279e-07 7.32418279e-07
154 6.50369261e-06 7.32418279e-07 7.32418279e-07 7.32418279e-07 7.32418279e-07
155 6.50469062e-06 7.32418279e-07 7.32418279e-07 7.32418279e-07 7.32418279e-07
156 6.50568862e-06 7.32418279e-07 7.32418279e-07 7.32418279e-07 7.32418279e-07
157 6.50668663e-06 7.32418279e-07 7.32418279e-07 7.32418279e-07 7.32418279e-07
158 6.50768463e-06 7.32418279e-07 7.32418279e-07 7.32418279e-07 7.32418279e-07
159 6.50868263e-06 7.32418279e-07 7.32418279e-07 7.32418279e-07 7.32418279e-07
160 6.50968064e-06 7.32418279e-07 7.32418279e-07 7.32418279e-07 7.32418279e-07
161 6.51067864e-06 7.32418279e-07 7.32418279e-07 7.32418279e-07 7.32418279e-07
162 6.51167665e-06 7.32418279e-07 7.32418279e-07 7.32418279e-07 7.32418279e-07
163 6.51267465e-06 7.32418279e-07 7.32418279e-07 7.32418279e-07 7.32418279e-07
164 6.51367265e-06 7.32418279e-07 7.32418279e-07 7.32418279e-07 7.32418279e-07
165 6.51467066e-06 7.32418279e-07 7.32418279e-07 7.32418279e-07 7.32418279e-07
166 6.51566866e-06 7.32418279e-07 7.32418279e-07 7.32418279e-07 7.32418279e-07
167 6.51666667e-06 7.32418279e-07 7.32418279e-07 7.32418279e-07 7.32418279e-07
168 6.51766467e-06 7.32418279e-07 7.32418279e-07 7.32418279e-07 7.32418279e-07
169 6.51866267e-06 7.32418279e-07 7.32418279e-07 7.32418279e-07 7.32418279e-07
170 6.51966068e-06 7.32418279e-07 7.32418279e-07 7.32418279e-07 7.32418279e-07
171 6.52065868e-06 7.32418279e-07 7.32418279e-07 7.32418279e-07 7.32418279e-07
172 6.52165669e-06 7.32418279e-07 7.32418279e-07 7.32418279e-07 7.32418279e-07
173 6.52265469e-06 7.32418279e-07 7.32418279e-07 7.32418279e-07 7.32418279e-07
174 6.52365269e-06 7.32418279e-07 7.32418279e-07 7.32418279e-07 7.32418279e-07
175 6.52465070e-06 7.32418279e-07 7.32418279e-07 7.32418279e-07 7.32418279e-07
176 6.52564870e-06 7.32418279e-07 7.32418279e-07 7.32418279e-07 7.32418279e-07
177 6.52664671e-06 7.32418279e-07 7.32418279e-07 7.32418279e-07 7.32418279e-07
178 6.52764471e-06 7.32418279e-07 7.32418279e-07 7.32418279e-07 7.32418279e-07
179 6.52864271e-06 7.32418279e-07 7.32418279e-07 7.32418279e-07 7.32418279e-07
180 6.52964072e-06 7.32418279e-07 7.32418279e-07 7.32418279e-07 7.32418279e-07
181 6.53063872e-06 7.32418279e-07 7.32418279e-07 7.32418279e-07 7.32418279e-07
182 6.53163673e-06 7.32418279e-07 7.32418279e-07 7.32418279e-07 7.32418279e-07
183 6.53263473e-06 7.32418279e-07 7.32418279e-07 7.32418279e-07 7.32418279e-07
184 6.53363273e-06 7.32418279e-07 7.32418279e-07 7.32418279e-07 7.32418279e-07
185 6.53463074e-06 7.32418279e-07 7.32418279e-07 7.32418279e-07 7.32418279e-07
186 6.53562874e-06 7.32418279e-07 7.32418279e-07 7.32418279e-07 7.32418279e-07
187 6.53662675e-06 7.32418279e-07 7.32418279e-07 7.32418279e-07 7.32418279e-07
188 6.53762475e-06 7.32418279e-07 7.32418279e-07 7.32418279e-07 7.32418279e-07
189 6.53862275e-06 7.32418279e-07 7.32418279e-07 7.32418279e-07 7.32418279e-07
190 6.53962076e-06 7.32418279e-07 7.32418279e-07 7.32418279e-07 7.32418279e-07
191 6.54061876e-06 7.32418279e-07 7.32418279e-07 7.32418279e-07 7.32418279e-07
192 6.54161677e-06 7.32418279e-07 7.32418279e-07 7.32418279e-07 7.32418279e-07
193 6.54261477e-06 7.32418279e-07 7.32418279e-07 7.32418279e-07 7.32418279e-07
194 6.54361277e-06 7.32418279e-07 7.32418279e-07 7.32418279e-07 7.32418279e-07
195 6.54461078e-06 7.32418279e-07 7.32418279e-07 7.32418279e-07 7.32418279e-07
196 6.54560878e-06 7.32418279e-07 7.32418279e-07 7.32418279e-07 7.32418279e-07
197 6.54660679e-06 7.32418279e-07 7.32418279e-07 7.32418279e-07 7.32418279e-07
198 6.54760479e-06 7.32418279e-07 7.32418279e-07 7.32418279e-07 7.32418279e-07
199 6.54860279e-06 7.32418279e-07 7.32418279e-07 7.32418279e-07 7.32418279e-07
200 6.54960080e-06 7.32418279e-07 7.32418279e-07 7.32418279e-07 7.32418279e-07
201 6.55059880e-06 7.32418279e-07 7.32418279e-07 7.32418279e-07 7.32418279e-07
202 6.55159681e-06 7.32418279e-07 7.32418279e-07 7.32418279e-07 7.32418279e-07
203 6.55259481e-06 7.32418279e-07 7.32418279e-07 7.32418279e-07 7.32418279e-07
204 6.55359281e-06 7.32418279e-07 7.32418279e-07 7.32418279e-07 7.32418279e-07
205 6.55459082e-06 7.32418279e-07 7.32418279e-07 7.32418279e-07 7.32418279e-07
206 6.55558882e-06 7.32418279e-07 7.32418279e-07 7.32418279e-07 7.32418279e-07
207 6.55658683e-06 7.32418279e-07 7.32418279e-07 7.32418279e-07 7.32418279e-07
208 6.55758483e-06 7.32418279e-07 7.32418279e-07 7.32418279e-07 7.32418279e-07
209 6.55858283e-06 7.32418279e-07 7.32418279e-07 7.32418279e-07 7.32418279e-07
210 6.55958084e-06 7.32418279e-07 7.32418279e-07 7.32418279e-07 7.32418279e-07
211 6.56057884e-06 7.32418279e-07 7.32418279e-07 7.32418279e-07 7.32418279e-07
212 6.56157685e-06 7.32418279e-07 7.32418279e-07 7.32418279e-07 7.32418279e-07
213 6.56257485e-06 7.32418279e-07 7.32418279e-07 7.32418279e-07 7.32418279e-07
214 6.56357285e-06 7.32418279e-07 7.32418279e-07 7.32418279e-07 7.32418279e-07
215 6.56457086e-06 7.32418279e-07 7.32418279e-07 7.32418279e-07 7.32418279e-07
216 6.56556886e-06 7.32418279e-07 7.32418279e-07 7.32418279e-07 7.32418279e-07
217 6.56656687e-06 7.32418279e-07 7.32418279e-07 7.32418279e-07 7.32418279e-07
218 6.56756487e-06 7.32418279e-07 7.32418279e-07 7.32418279e-07 7.32418279e-07
219 6.56856287e-06 7.32418279e-07 7.32418279e-07 7.32418279e-07 7.32418279e-07
220 6.56956088e-06 7.32418279e-07 7.32418279e-07 7.32418279e-07 7.32418279e-07
221 6.57055888e-06 7.32418279e-07 7.32418279e-07 7.32418279e-07 7.32418279e-07
222 6.57155689e-06 7.32418279e-07 7.32418279e-07 7.32418279e-07 7.32418279e-07
223 6.57255489e-06 7.32418279e-07 7.32418279e-07 7.32418279e-07 7.32418279e-07
224 6.57355289e-06 7.32418279e-07 7.32418279e-07 7.32418279e-07 7.32418279e-07
225 6.57455090e-06 7.32418279e-07 7.32418279e-07 7.32418279e-07 7.32418279e-07
226 6.57554890e-06 7.32418279e-07 7.32418279e-07 7.32418279e-07 7.32418279e-07
227 6.57654691e-06 7.32418279e-07 7.32418279e-07 7.32418279e-07 7.32418279e-07
228 6.57754491e-06 7.32418279e-07 7.32418279e-07 7.32418279e-07 7.32418279e-07
229 6.57854291e-06 7.32418279e-07 7.32418279e-07 7.32418279e-07 7.32418279e-07
230 6.57954092e-06 7.32418279e-07 7.32418279e-07 7.32418279e-07 7.32418279e-07
231 6.58053892e-06 7.32418279e-07 7.32418279e-07 7.32418279e-07 7.32418279e-07
232 6.58153693e-06 7.32418279e-07 7.32418279e-07 7.32418279e-07 7.32418279e-07
233 6.58253493e-06 7.32418279e-07 7.32418279e-07 7.32418279e-07 7.32418279e-07
234 6.58353293e-06 7.32418279e-07 7.32418279e-07 7.32418279e-07 7.32418279e-07
235 6.58453094e-06 7.32418279e-07 7.32418279e-07 7.32418279e-07 7.32418279e-07
236 6.58552894e-06 7.32418279e-07 7.32418279e-07 7.32418279e-07 7.32418279e-07
237 6.58652695e-06 7.32418279e-07 7.32418279e-07 7.32418279e-07 7.32418279e-07
238 6.58752495e-06 7.32418279e-07 7.32418279e-07 7.32418279e-07 7.32418279e-07
239 6.58852295e-06 7.32418279e-07 7.32418279e-07 7.32418279e-07 7.32418279e-07
240 6.58952096e-06 7.32418279e-07 7.32418279e-07 7.32418279e-07 7.32418279e-07
241 6.59051896e-06 7.32418279e-07 7.32418279e-07 7.32418279e-07 7.32418279e-07
242 6.59151697e-06 7.32418279e-07 7.32418279e-07 7.32418279e-07 7.32418279e-07
243 6.59251497e-06 7.32418279e-07 7.32418279e-07 7.32418279e-07 7.32418279e-07
244 6.59351297e-06 7.32418279e-07 7.32418279e-07 7.32418279e-07 7.32418279e-07
245 6.59451098e-06 7.32418279e-07 7.32418279e-07 7.32418279e-07 7.32418279e-07
246 6.59550898e-06 7.32418279e-07 7.32418279e-07 7.32418279e-07 7.32418279e-07
247 6.59650699e-06 7.32418279e-07 7.32418279e-07 7.32418279e-07 7.32418279e-07
248 6.59750499e-06 7.32418279e-07 7.32418279e-07 7.32418279e-07 7.32418279e-07
249 6.59850299e-06 7.32418279e-07 7.32418279e-07 7.32418279e-07 7.32418279e-07
250 6.59950100e-06 7.32418279e-07 7.32418279e-07 7.32418279e-07 7.32418279e-07
251 6.60049900e-06 7.32418279e-07 7.32418279e-07 7.32418279e-07 7.32418279e-07
252 6.60149701e-06 7.32418279e-07 7.32418279e-07 7.32418279e-07 7.32418279e-07
253 6.60249501e-06 7.32418279e-07 7.32418279e-07 7.32418279e-07 7.32418279e-07
254 6.60349301e-06 7.32418279e-07 7.32418279e-07 7.32418279e-07 7.32418279e-07
255 6.60449102e-06 7.32418279e-07 7.32418279e-07 7.32418279e-07 7.32418279e-07
256 6.60548902e-06 7.32418279e-07 7.32418279e-07 7.32418279e-07 7.32418279e-07
257 6.60648703e-06 7.32418279e-07 7.32418279e-07 7.32418279e-07 7.32418279e-07
258 6.60748503e-06 7.32418279e-07 7.32418279e-07 7.32418279e-07 7.32418279e-07
259 6.60848303e-06 7.32418279e-07 7.32418279e-07 7.32418279e-07 7.32418279e-07
260 6.60948104e-06 7.32418279e-07 7.32418279e-07 7.32418279e-07 7.32418279e-07
261 6.61047904e-06 7.32418279e-07 7.32418279e-07 7.32418279e-07 7.32418279e-07
262 6.61147705e-06 7.32418279e-07 7.32418279e-07 7.32418279e-07 7.32418279e-07
263 6.61247505e-06 7.32418279e-07 7.32418279e-07 7.32418279e-07 7.32418279e-07
264 6.61347305e-06 7.32418279e-07 7.32418279e-07 7.32418279e-07 7.32418279e-07
265 6.61447106e-06 7.32418279e-07 7.32418279e-07 7.32418279e-07 7.32418279e-07
266 6.61546906e-06 7.32418279e-07 7.32418279e-07 7.32418279e-07 7.32418279e-07
267 6.61646707e-06 7.32418279e-07 7.32418279e-07 7.32418279e-07 7.32418279e-07
268 6.61746507e-06 7.32418279e-07 7.32418279e-07 7.32418279e-07 7.32418279e-07
269 6.61846307e-06 7.32418279e-07 7.32418279e-07 7.32418279e-07 7.32418279e-07
270 6.61946108e-06 7.32418279e-07 7.32418279e-07 7.32418279e-07 7.32418279e-07
271 6.62045908e-06 7.32418279e-07 7.32418279e-07 7.32418279e-07 7.32418279e-07
272 6.62145709e-06 7.32418279e-07 7.32418279e-07 7.32418279e-07 7.32418279e-07
273 6.62245509e-06 7.32418279e-07 7.32418279e-07 7.32418279e-07 7.32418279e-07
274 6.62345309e-06 7.32418279e-07 7.32418279e-07 7.32418279e-07 7.32418279e-07
275 6.62445110e-06 7.32418279e-07 7.32418279e-07 7.32418279e-07 7.32418279e-07
276 6.62544910e-06 7.32418279e-07 7.32418279e-07 7.32418279e-07 7.32418279e-07
277 6.62644711e-06 7.32418279e-07 7.32418279e-07 7.32418279e-07 7.32418279e-07
278 6.62744511e-06 7.32418279e-07 7.32418279e-07 7.32418279e-07 7.32418279e-07
279 6.62844311e-06 7.32418279e-07 7.32418279e-07 7.32418279e-07 7.32418279e-07
280 6.62944112e-06 7.32418279e-07 7.32418279e-07 7.32418279e-07 7.32418279e-07
281 6.63043912e-06 7.32418279e-07 7.32418279e-07 7.32418279e-07 7.32418279e-07
282 6.63143713e-06 9.81438581e-03 9.81438581e-03 9.81438581e-03 9.81438581e-03
283 6.63243513e-06 1.83335088e-02 1.83335088e-02 1.83335088e-02 1.83335088e-02
284 6.63343313e-06 3.37178790e-02 3.37178790e-02 3.37178790e-02 3.37178790e-02
285 6.63443114e-06 6.10525299e-02 6.10525299e-02 6.10525299e-02 6.10525299e-02
286 6.63542914e-06 1.08836386e-01 1.08836386e-01 1.08836386e-01 1.08836386e-01
287 6.63642715e-06 1.91016419e-01 1.91016419e-01 1.91016419e-01 1.91016419e-01
288 6.63742515e-06 3.30060065e-01 3.30060065e-01 3.30060065e-01 3.30060065e-01
289 6.63842315e-06 5.61488315e-01 5.61488315e-01 5.61488315e-01 5.61488315e-01
290 6.63942116e-06 9.40402583e-01 9.40402583e-01 9.40402583e-01 9.40402583e-01
291 6.64041916e-06 1.55064434e+00 1.55064434e+00 1.55064434e+00 1.55064434e+00
292 6.64141717e-06 2.51730513e+00 2.51730513e+00 2.51730513e+00 2.51730513e+00
293 6.64241517e-06 4.02332206e+00 4.02332206e+00 4.02332206e+00 4.02332206e+00
294 6.64341317e-06 6.33080620e+00 6.33080620e+00 6.33080620e+00 6.33080620e+00
295 6.64441118e-06 9.80750494e+00 9.80750494e+00 9.80750494e+00 9.80750494e+00
296 6.64540918e-06 1.49583388e+01 1.49583388e+01 1.49583388e+01 1.49583388e+01
297 6.64640719e-06 2.24612296e+01 2.24612296e+01 2.24612296e+01 2.24612296e+01
298 6.64740519e-06 3.32054246e+01 3.32054246e+01 3.32054246e+01 3.32054246e+01
299 6.64840319e-06 4.83292349e+01 4.83292349e+01 4.83292349e+01 4.83292349e+01
300 6.64940120e-06 6.92526171e+01 6.92526171e+01 6.92526171e+01 6.92526171e+01
301 6.65039920e-06 9.76984943e+01 9.76984943e+01 9.76984943e+01 9.76984943e+01
302 6.65139721e-06 1.35695355e+02 1.35695355e+02 1.35695355e+02 1.35695355e+02
303 6.65239521e-06 1.85552811e+02 1.85552811e+02 1.85552811e+02 1.85552811e+02
304 6.65339321e-06 2.49801802e+02 2.49801802e+02 2.49801802e+02 2.49801802e+02
305 6.65439122e-06 3.31092301e+02 3.31092301e+02 3.31092301e+02 3.31092301e+02
306 6.65538922e-06 4.32044126e+02 4.32044126e+02 4.32044126e+02 4.32044126e+02
307 6.65638723e-06 5.55050701e+02 5.55050701e+02 5.55050701e+02 5.55050701e+02
308 6.65738523e-06 7.02041445e+02 7.02041445e+02 7.02041445e+02 7.02041445e+02
309 6.65838323e-06 8.74215320e+02 8.74215320e+02 8.74215320e+02 8.74215320e+02
310 6.65938124e-06 1.07176522e+03 1.07176522e+03 1.07176522e+03 1.07176522e+03
311 6.66037924e-06 1.29361936e+03 1.29361936e+03 1.29361936e+03 1.29361936e+03
312 6.66137725e-06 1.53723044e+03 1.53723044e+03 1.53723044e+03 1.53723044e+03
313 6.66237525e-06 1.79844468e+03 1.79844468e+03 1.79844468e+03 1.79844468e+03
314 6.66337325e-06 2.07148051e+03 2.07148051e+03 2.07148051e+03 2.07148051e+03
315 6.66437126e-06 2.34903936e+03 2.34903936e+03 2.34903936e+03 2.34903936e+03
316 6.66536926e-06 2.62255999e+03 2.62255999e+03 2.62255999e+03 2.62255999e+03
317 6.66636727e-06 2.88261260e+03 2.88261260e+03 2.88261260e+03 2.88261260e+03
318 6.66736527e-06 3.11941287e+03 3.11941287e+03 3.11941287e+03 3.11941287e+03
319 6.66836327e-06 3.32341967e+03 3.32341967e+03 3.32341967e+03 3.32341967e+03
320 6.66936128e-06 3.48596703e+03 3.48596703e+03 3.48596703e+03 3.48596703e+03
321 6.67035928e-06 3.59987274e+03 3.59987274e+03 3.59987274e+03 3.59987274e+03
322 6.67135729e-06 3.65996404e+03 3.65996404e+03 3.65996404e+03 3.65996404e+03
323 6.67235529e-06 3.66346718e+03 3.66346718e+03 3.66346718e+03 3.66346718e+03
324 6.67335329e-06 3.61021964e+03 3.61021964e+03 3.61021964e+03 3.61021964e+03
325 6.67435130e-06 3.50268266e+03 3.50268266e+03 3.50268266e+03 3.50268266e+03
326 6.67534930e-06 3.34575262e+03 3.34575262e+03 3.34575262e+03 3.34575262e+03
327 6.67634731e-06 3.14639137e+03 3.14639137e+03 3.14639137e+03 3.14639137e+03
328 6.67734531e-06 2.91311451e+03 2.91311451e+03 2.91311451e+03 2.91311451e+03
329 6.67834331e-06 2.65538980e+03 2.65538980e+03 2.65538980e+03 2.65538980e+03
330 6.67934132e-06 2.38300493e+03 2.38300493e+03 2.38300493e+03 2.38300493e+03
331 6.68033932e-06 2.10546266e+03 2.10546266e+03 2.10546266e+03 2.10546266e+03
332 6.68133733e-06 1.83145439e+03 1.83145439e+03 1.83145439e+03 1.83145439e+03
333 6.68233533e-06 1.56844989e+03 1.56844989e+03 1.56844989e+03 1.56844989e+03
334 6.68333333e-06 1.32242539e+03 1.32242539e+03 1.32242539e+03 1.32242539e+03
335 6.68433134e-06 1.09773552e+03 1.09773552e+03 1.09773552e+03 1.09773552e+03
336 6.68532934e-06 8.97119462e+02 8.97119462e+02 8.97119462e+02 8.97119462e+02
337 6.68632735e-06 7.21819940e+02 7.21819940e+02 7.21819940e+02 7.21819940e+02
338 6.68732535e-06 5.71786006e+02 5.71786006e+02 5.71786006e+02 5.71786006e+02
339 6.68832335e-06 4.45927479e+02 4.45927479e+02 4.45927479e+02 4.45927479e+02
340 6.68932136e-06 3.42389965e+02 3.42389965e+02 3.42389965e+02 3.42389965e+02
341 6.69031936e-06 2.58823624e+02 2.58823624e+02 2.58823624e+02 2.58823624e+02
342 6.69131737e-06 1.92625114e+02 1.92625114e+02 1.92625114e+02 1.92625114e+02
343 6.69231537e-06 1.41139321e+02 1.41139321e+02 1.41139321e+02 1.41139321e+02
344 6.69331337e-06 1.01814416e+02 1.01814416e+02 1.01814416e+02 1.01814416e+02
345 6.69431138e-06 7.23097193e+01 7.23097193e+01 7.23097193e+01 7.23097193e+01
346 6.69530938e-06 5.05603694e+01 5.05603694e+01 5.05603694e+01 5.05603694e+01
347 6.69630739e-06 3.48056683e+01 3.48056683e+01 3.48056683e+01 3.48056683e+01
348 6.69730539e-06 2.35893463e+01 2.35893463e+01 2.35893463e+01 2.35893463e+01
349 6.69830339e-06 1.57401200e+01 1.57401200e+01 1.57401200e+01 1.57401200e+01
350 6.69930140e-06 1.03401393e+01 1.03401393e+01 1.03401393e+01 1.03401393e+01
351 6.70029940e-06 6.68761050e+00 6.68761050e+00 6.68761050e+00 6.68761050e+00
352 6.70129741e-06 4.25835440e+00 4.25835440e+00 4.25835440e+00 4.25835440e+00
353 6.70229541e-06 2.66955518e+00 2.66955518e+00 2.66955518e+00 2.66955518e+00
354 6.70329341e-06 1.64763988e+00 1.64763988e+00 1.64763988e+00 1.64763988e+00
355 6.70429142e-06 1.00117965e+00 1.00117965e+00 1.00117965e+00 1.00117965e+00
356 6.70528942e-06 5.98946603e-01 5.98946603e-01 5.98946603e-01 5.98946603e-01
357 6.70628743e-06 3.52769196e-01 3.52769196e-01 3.52769196e-01 3.52769196e-01
358 6.70728543e-06 2.04559568e-01 2.04559568e-01 2.04559568e-01 2.04559568e-01
359 6.70828343e-06 1.16781964e-01 1.16781964e-01 1.16781964e-01 1.16781964e-01
360 6.70928144e-06 6.56385594e-02 6.56385594e-02 6.56385594e-02 6.56385594e-02
361 6.71027944e-06 3.63220572e-02 3.63220572e-02 3.63220572e-02 3.63220572e-02
362 6.71127745e-06 1.97884416e-02 1.97884416e-02 1.97884416e-02 1.97884416e-02
363 6.71227545e-06 1.06141616e-02 1.06141616e-02 1.06141616e-02 1.06141616e-02
364 6.71327345e-06 5.60530251e-03 5.60530251e-03 5.60530251e-03 5.60530251e-03
365 6.71427146e-06 7.32418279e-07 7.32418279e-07 7.32418279e-07 7.32418279e-07
366 6.71526946e-06 7.32418279e-07 7.32418279e-07 7.32418279e-07 7.32418279e-07
367 6.71626747e-06 7.32418279e-07 7.32418279e-07 7.32418279e-07 7.32418279e-07
368 6.71726547e-06 7.32418279e-07 7.32418279e-07 7.32418279e-07 7.32418279e-07
369 6.71826347e-06 7.32418279e-07 7.32418279e-07 7.32418279e-07 7.32418279e-07
370 6.71926148e-06 7.32418279e-07 7.32418279e-07 7.32418279e-07 7.32418279e-07
371 6.72025948e-06 7.32418279e-07 7.32418279e-07 7.32418279e-07 7.32418279e-07
372 6.72125749e-06 7.32418279e-07 7.32418279e-07 7.32418279e-07 7.32418279e-07
373 6.72225549e-06 7.32418279e-07 7.32418279e-07 7.32418279e-07 7.32418279e-07
374 6.72325349e-06 7.32418279e-07 7.32418279e-07 7.32418279e-07 7.32418279e-07
375 6.72425150e-06 7.32418279e-07 7.32418279e-07 7.32418279e-07 7.32418279e-07
376 6.72524950e-06 7.32418279e-07 7.32418279e-07 7.32418279e-07 7.32418279e-07
377 6.72624750e-06 7.32418279e-07 7.32418279e-07 7.32418279e-07 7.32418279e-07
378 6.72724551e-06 7.32418279e-07 7.32418279e-07 7.32418279e-07 7.32418279e-07
379 6.72824351e-06 7.32418279e-07 7.32418279e-07 7.32418279e-07 7.32418279e-07
380 6.72924152e-06 7.32418279e-07 7.32418279e-07 7.32418279e-07 7.32418279e-07
381 6.73023952e-06 7.32418279e-07 7.32418279e-07 7.32418279e-07 7.32418279e-07
382 6.73123752e-06 7.32418279e-07 7.32418279e-07 7.32418279e-07 7.32418279e-07
383 6.73223553e-06 7.32418279e-07 7.32418279e-07 7.32418279e-07 7.32418279e-07
384 6.73323353e-06 7.32418279e-07 7.32418279e-07 7.32418279e-07 7.32418279e-07
385 6.73423154e-06 7.32418279e-07 7.32418279e-07 7.32418279e-07 7.32418279e-07
386 6.73522954e-06 7.32418279e-07 7.32418279e-07 7.32418279e-07 7.32418279e-07
387 6.73622754e-06 7.32418279e-07 7.32418279e-07 7.32418279e-07 7.32418279e-07
388 6.73722555e-06 7.32418279e-07 7.32418279e-07 7.32418279e-07 7.32418279e-07
389 6.73822355e-06 7.32418279e-07 7.32418279e-07 7.32418279e-07 7.32418279e-07
390 6.73922156e-06 7.32418279e-07 7.32418279e-07 7.32418279e-07 7.32418279e-07
391 6.74021956e-06 7.32418279e-07 7.32418279e-07 7.32418279e-07 7.32418279e-07
392 6.74121756e-06 7.32418279e-07 7.32418279e-07 7.32418279e-07 7.32418279e-07
393 6.74221557e-06 7.32418279e-07 7.32418279e-07 7.32418279e-07 7.32418279e-07
394 6.74321357e-06 7.32418279e-07 7.32418279e-07 7.32418279e-07 7.32418279e-07
395 6.74421158e-06 7.32418279e-07 7.32418279e-07 7.32418279e-07 7.32418279e-07
396 6.74520958e-06 7.32418279e-07 7.32418279e-07 7.32418279e-07 7.32418279e-07
397 6.74620758e-06 7.32418279e-07 7.32418279e-07 7.32418279e-07 7.32418279e-07
398 6.74720559e-06 7.32418279e-07 7.32418279e-07 7.32418279e-07 7.32418279e-07
399 6.74820359e-06 7.32418279e-07 7.32418279e-07 7.32418279e-07 7.32418279e-07
400 6.74920160e-06 7.32418279e-07 7.32418279e-07 7.32418279e-07 7.32418279e-07
401 6.75019960e-06 7.32418279e-07 7.32418279e-07 7.32418279e-07 7.32418279e-07
402 6.75119760e-06 7.32418279e-07 7.32418279e-07 7.32418279e-07 7.32418279e-07
403 6.75219561e-06 7.32418279e-07 7.32418279e-07 7.32418279e-07 7.32418279e-07
404 6.75319361e-06 7.32418279e-07 7.32418279e-07 7.32418279e-07 7.32418279e-07
405 6.75419162e-06 7.32418279e-07 7.32418279e-07 7.32418279e-07 7.32418279e-07
406 6.75518962e-06 7.32418279e-07 7.32418279e-07 7.32418279e-07 7.32418279e-07
407 6.75618762e-06 7.32418279e-07 7.32418279e-07 7.32418279e-07 7.32418279e-07
408 6.75718563e-06 7.32418279e-07 7.32418279e-07 7.32418279e-07 7.32418279e-07
409 6.75818363e-06 7.32418279e-07 7.32418279e-07 7.32418279e-07 7.32418279e-07
410 6.75918164e-06 7.32418279e-07 7.32418279e-07 7.32418279e-07 7.32418279e-07
411 6.76017964e-06 7.32418279e-07 7.32418279e-07 7.32418279e-07 7.32418279e-07
412 6.76117764e-06 7.32418279e-07 7.32418279e-07 7.32418279e-07 7.32418279e-07
413 6.76217565e-06 7.32418279e-07 7.32418279e-07 7.32418279e-07 7.32418279e-07
414 6.76317365e-06 7.32418279e-07 7.32418279e-07 7.32418279e-07 7.32418279e-07
415 6.76417166e-06 7.32418279e-07 7.32418279e-07 7.32418279e-07 7.32418279e-07
416 6.76516966e-06 7.32418279e-07 7.32418279e-07 7.32418279e-07 7.32418279e-07
417 6.76616766e-06 7.32418279e-07 7.32418279e-07 7.32418279e-07 7.32418279e-07
418 6.76716567e-06 7.32418279e-07 7.32418279e-07 7.32418279e-07 7.32418279e-07
419 6.76816367e-06 7.32418279e-07 7.32418279e-07 7.32418279e-07 7.32418279e-07
420 6.76916168e-06 7.32418279e-07 7.32418279e-07 7.32418279e-07 7.32418279e-07
421 6.77015968e-06 7.32418279e-07 7.32418279e-07 7.32418279e-07 7.32418279e-07
422 6.77115768e-06 7.32418279e-07 7.32418279e-07 7.32418279e-07 7.32418279e-07
423 6.77215569e-06 7.32418279e-07 7.32418279e-07 7.32418279e-07 7.32418279e-07
424 6.77315369e-06 7.32418279e-07 7.32418279e-07 7.32418279e-07 7.32418279e-07
425 6.77415170e-06 7.32418279e-07 7.32418279e-07 7.32418279e-07 7.32418279e-07
426 6.77514970e-06 7.32418279e-07 7.32418279e-07 7.32418279e-07 7.32418279e-07
427 6.77614770e-06 7.32418279e-07 7.32418279e-07 7.32418279e-07 7.32418279e-07
428 6.77714571e-06 7.32418279e-07 7.32418279e-07 7.32418279e-07 7.32418279e-07
429 6.77814371e-06 7.32418279e-07 7.32418279e-07 7.32418279e-07 7.32418279e-07
430 6.77914172e-06 7.32418279e-07 7.32418279e-07 7.32418279e-07 7.32418279e-07
431 6.78013972e-06 7.32418279e-07 7.32418279e-07 7.32418279e-07 7.32418279e-07
432 6.78113772e-06 7.32418279e-07 7.32418279e-07 7.32418279e-07 7.32418279e-07
433 6.78213573e-06 7.32418279e-07 7.32418279e-07 7.32418279e-07 7.32418279e-07
434 6.78313373e-06 7.32418279e-07 7.32418279e-07 7.32418279e-07 7.32418279e-07
435 6.78413174e-06 7.32418279e-07 7.32418279e-07 7.32418279e-07 7.32418279e-07
436 6.78512974e-06 7.32418279e-07 7.32418279e-07 7.32418279e-07 7.32418279e-07
437 6.78612774e-06 7.32418279e-07 7.32418279e-07 7.32418279e-07 7.32418279e-07
438 6.78712575e-06 7.32418279e-07 7.32418279e-07 7.32418279e-07 7.32418279e-07
439 6.78812375e-06 7.32418279e-07 7.32418279e-07 7.32418279e-07 7.32418279e-07
440 6.78912176e-06 7.32418279e-07 7.32418279e-07 7.32418279e-07 7.32418279e-07
441 6.79011976e-06 7.32418279e-07 7.32418279e-07 7.32418279e-07 7.32418279e-07
442 6.79111776e-06 7.32418279e-07 7.32418279e-07 7.32418279e-07 7.32418279e-07
443 6.79211577e-06 7.32418279e-07 7.32418279e-07 7.32418279e-07 7.32418279e-07
444 6.79311377e-06 7.32418279e-07 7.32418279e-07 7.32418279e-07 7.32418279e-07
445 6.79411178e-06 7.32418279e-07 7.32418279e-07 7.32418279e-07 7.32418279e-07
446 6.79510978e-06 7.32418279e-07 7.32418279e-07 7.32418279e-07 7.32418279e-07
447 6.79610778e-06 7.32418279e-07 7.32418279e-07 7.32418279e-07 7.32418279e-07
448 6.79710579e-06 7.32418279e-07 7.32418279e-07 7.32418279e-07 7.32418279e-07
449 6.79810379e-06 7.32418279e-07 7.32418279e-07 7.32418279e-07 7.32418279e-07
450 6.79910180e-06 7.32418279e-07 7.32418279e-07 7.32418279e-07 7.32418279e-07
451 6.80009980e-06 7.32418279e-07 7.32418279e-07 7.32418279e-07 7.32418279e-07
452 6.80109780e-06 7.32418279e-07 7.32418279e-07 7.32418279e-07 7.32418279e-07
453 6.80209581e-06 7.32418279e-07 7.32418279e-07 7.32418279e-07 7.32418279e-07
454 6.80309381e-06 7.32418279e-07 7.32418279e-07 7.32418279e-07 7.32418279e-07
455 6.80409182e-06 7.32418279e-07 7.32418279e-07 7.32418279e-07 7.32418279e-07
456 6.80508982e-06 7.32418279e-07 7.32418279e-07 7.32418279e-07 7.32418279e-07
457 6.80608782e-06 7.32418279e-07 7.32418279e-07 7.32418279e-07 7.32418279e-07
458 6.80708583e-06 7.32418279e-07 7.32418279e-07 7.32418279e-07 7.32418279e-07
459 6.80808383e-06 7.32418279e-07 7.32418279e-07 7.32418279e-07 7.32418279e-07
460 6.80908184e-06 7.32418279e-07 7.32418279e-07 7.32418279e-07 7.32418279e-07
461 6.81007984e-06 7.32418279e-07 7.32418279e-07 7.32418279e-07 7.32418279e-07
462 6.81107784e-06 7.32418279e-07 7.32418279e-07 7.32418279e-07 7.32418279e-07
463 6.81207585e-06 7.32418279e-07 7.32418279e-07 7.32418279e-07 7.32418279e-07
464 6.81307385e-06 7.32418279e-07 7.32418279e-07 7.32418279e-07 7.32418279e-07
465 6.81407186e-06 7.32418279e-07 7.32418279e-07 7.32418279e-07 7.32418279e-07
466 6.81506986e-06 7.32418279e-07 7.32418279e-07 7.32418279e-07 7.32418279e-07
467 6.81606786e-06 7.32418279e-07 7.32418279e-07 7.32418279e-07 7.32418279e-07
468 6.81706587e-06 7.32418279e-07 7.32418279e-07 7.32418279e-07 7.32418279e-07
469 6.81806387e-06 7.32418279e-07 7.32418279e-07 7.32418279e-07 7.32418279e-07
470 6.81906188e-06 7.32418279e-07 7.32418279e-07 7.32418279e-07 7.32418279e-07
471 6.82005988e-06 7.32418279e-07 7.32418279e-07 7.32418279e-07 7.32418279e-07
472 6.82105788e-06 7.32418279e-07 7.32418279e-07 7.32418279e-07 7.32418279e-07
473 6.82205589e-06 7.32418279e-07 7.32418279e-07 7.32418279e-07 7.32418279e-07
474 6.82305389e-06 7.32418279e-07 7.32418279e-07 7.32418279e-07 7.32418279e-07
475 6.82405190e-06 7.32418279e-07 7.32418279e-07 7.32418279e-07 7.32418279e-07
476 6.82504990e-06 7.32418279e-07 7.32418279e-07 7.32418279e-07 7.32418279e-07
477 6.82604790e-06 7.32418279e-07 7.32418279e-07 7.32418279e-07 7.32418279e-07
478 6.82704591e-06 7.32418279e-07 7.32418279e-07 7.32418279e-07 7.32418279e-07
479 6.82804391e-06 7.32418279e-07 7.32418279e-07 7.32418279e-07 7.32418279e-07
480 6.82904192e-06 7.32418279e-07 7.32418279e-07 7.32418279e-07 7.32418279e-07
481 6.83003992e-06 7.32418279e-07 7.32418279e-07 7.32418279e-07 7.32418279e-07
482 6.83103792e-06 7.32418279e-07 7.32418279e-07 7.32418279e-07 7.32418279e-07
483 6.83203593e-06 7.32418279e-07 7.32418279e-07 7.32418279e-07 7.32418279e-07
484 6.83303393e-06 7.32418279e-07 7.32418279e-07 7.32418279e-07 7.32418279e-07
485 6.83403194e-06 7.32418279e-07 7.32418279e-07 7.32418279e-07 7.32418279e-07
486 6.83502994e-06 7.32418279e-07 7.32418279e-07 7.32418279e-07 7.32418279e-07
487 6.83602794e-06 7.32418279e-07 7.32418279e-07 7.32418279e-07 7.32418279e-07
488 6.83702595e-06 7.32418279e-07 7.32418279e-07 7.32418279e-07 7.32418279e-07
489 6.83802395e-06 7.32418279e-07 7.32418279e-07 7.32418279e-07 7.32418279e-07
490 6.83902196e-06 7.32418279e-07 7.32418279e-07 7.32418279e-07 7.32418279e-07
491 6.84001996e-06 7.32418279e-07 7.32418279e-07 7.32418279e-07 7.32418279e-07
492 6.84101796e-06 7.32418279e-07 7.32418279e-07 7.32418279e-07 7.32418279e-07
493 6.84201597e-06 7.32418279e-07 7.32418279e-07 7.32418279e-07 7.32418279e-07
494 6.84301397e-06 7.32418279e-07 7.32418279e-07 7.32418279e-07 7.32418279e-07
495 6.84401198e-06 7.32418279e-07 7.32418279e-07 7.32418279e-07 7.32418279e-07
496 6.84500998e-06 7.32418279e-07 7.32418279e-07 7.32418279e-07 7.32418279e-07
497 6.84600798e-06 7.32418279e-07 7.32418279e-07 7.32418279e-07 7.32418279e-07
498 6.84700599e-06 7.32418279e-07 7.32418279e-07 7.32418279e-07 7.32418279e-07
499 6.84800399e-06 7.32418279e-07 7.32418279e-07 7.32418279e-07 7.32418279e-07
500 6.84900200e-06 7.32418279e-07 7.32418279e-07 7.32418279e-07 7.32418279e-07
