0 6.35000000e-06 7.94180090e-01 7.94180090e-01 7.94180090e-01 7.94180090e-01
1 6.35099800e-06 7.94180090e-01 7.94180090e-01 7.94180090e-01 7.94180090e-01
2 6.35199601e-06 7.94180090e-01 7.94180090e-01 7.94180090e-01 7.94180090e-01
3 6.35299401e-06 7.94180090e-01 7.94180090e-01 7.94180090e-01 7.94180090e-01
4 6.35399202e-06 7.94180090e-01 7.94180090e-01 7.94180090e-01 7.94180090e-01
5 6.35499002e-06 7.94180090e-01 7.94180090e-01 7.94180090e-01 7.94180090e-01
6 6.35598802e-06 7.94180090e-01 7.94180090e-01 7.94180090e-01 7.94180090e-01
7 6.35698603e-06 7.94180090e-01 7.94180090e-01 7.94180090e-01 7.94180090e-01
8 6.35798403e-06 7.94180090e-01 7.94180090e-01 7.94180090e-01 7.94180090e-01
9 6.35898204e-06 7.94180090e-01 7.94180090e-01 7.94180090e-01 7.94180090e-01
10 6.35998004e-06 7.94180090e-01 7.94180090e-01 7.94180090e-01 7.94180090e-01
11 6.36097804e-06 7.94180090e-01 7.94180090e-01 7.94180090e-01 7.94180090e-01
12 6.36197605e-06 7.94180090e-01 7.94180090e-01 7.94180090e-01 7.94180090e-01
13 6.36297405e-06 7.94180090e-01 7.94180090e-01 7.94180090e-01 7.94180090e-01
14 6.36397206e-06 7.94180090e-01 7.94180090e-01 7.94180090e-01 7.94180090e-01
15 6.36497006e-06 7.94180090e-01 7.94180090e-01 7.94180090e-01 7.94180090e-01
16 6.36596806e-06 7.94180090e-01 7.94180090e-01 7.94180090e-01 7.94180090e-01
17 6.36696607e-06 7.94180090e-01 7.94180090e-01 7.94180090e-01 7.94180090e-01
18 6.36796407e-06 7.94180090e-01 7.94180090e-01 7.94180090e-01 7.94180090e-01
19 6.36896208e-06 7.94180090e-01 7.94180090e-01 7.94180090e-01 7.94180090e-01
20 6.36996008e-06 7.94180090e-01 7.94180090e-01 7.94180090e-01 7.94180090e-01
21 6.37095808e-06 7.94180090e-01 7.94180090e-01 7.94180090e-01 7.94180090e-01
22 6.37195609e-06 7.94180090e-01 7.94180090e-01 7.94180090e-01 7.94180090e-01
23 6.37295409e-06 7.94180090e-01 7.94180090e-01 7.94180090e-01 7.94180090e-01
24 6.37395210e-06 7.94180090e-01 7.94180090e-01 7.94180090e-01 7.94180090e-01
25 6.37495010e-06 7.94180090e-01 7.94180090e-01 7.94180090e-01 7.94180090e-01
26 6.37594810e-06 7.94180090e-01 7.94180090e-01 7.94180090e-01 7.94180090e-01
27 6.37694611e-06 7.94180090e-01 7.94180090e-01 7.94180090e-01 7.94180090e-01
28 6.37794411e-06 7.94180090e-01 7.94180090e-01 7.94180090e-01 7.94180090e-01
29 6.37894212e-06 7.94180090e-01 7.94180090e-01 7.94180090e-01 7.94180090e-01
30 6.37994012e-06 7.94180090e-01 7.94180090e-01 7.94180090e-01 7.94180090e-01
31 6.38093812e-06 7.94180090e-01 7.94180090e-01 7.94180090e-01 7.94180090e-01
32 6.38193613e-06 7.94180090e-01 7.94180090e-01 7.94180090e-01 7.94180090e-01
33 6.38293413e-06 7.94180090e-01 7.94180090e-01 7.94180090e-01 7.94180090e-01
34 6.38393214e-06 7.94180090e-01 7.94180090e-01 7.94180090e-01 7.94180090e-01
35 6.38493014e-06 7.94180090e-01 7.94180090e-01 7.94180090e-01 7.94180090e-01
36 6.38592814e-06 7.94180090e-01 7.94180090e-01 7.94180090e-01 7.94180090e-01
37 6.38692615e-06 7.94180090e-01 7.94180090e-01 7.94180090e-01 7.94180090e-01
38 6.38792415e-06 7.94180090e-01 7.94180090e-01 7.94180090e-01 7.94180090e-01
39 6.38892216e-06 7.94180090e-01 7.94180090e-01 7.94180090e-01 7.94180090e-01
40 6.38992016e-06 7.94180090e-01 7.94180090e-01 7.94180090e-01 7.94180090e-01
41 6.39091816e-06 7.94180090e-01 7.94180090e-01 7.94180090e-01 7.94180090e-01
42 6.39191617e-06 7.94180090e-01 7.94180090e-01 7.94180090e-01 7.94180090e-01
43 6.39291417e-06 7.94180090e-01 7.94180090e-01 7.94180090e-01 7.94180090e-01
44 6.39391218e-06 7.94180090e-01 7.94180090e-01 7.94180090e-01 7.94180090e-01
45 6.39491018e-06 7.94180090e-01 7.94180090e-01 7.94180090e-01 7.94180090e-01
46 6.39590818e-06 7.94180090e-01 7.94180090e-01 7.94180090e-01 7.94180090e-01
47 6.39690619e-06 7.94180090e-01 7.94180090e-01 7.94180090e-01 7.94180090e-01
48 6.39790419e-06 7.94180090e-01 7.94180090e-01 7.94180090e-01 7.94180090e-01
49 6.39890220e-06 7.94180090e-01 7.94180090e-01 7.94180090e-01 7.94180090e-01
50 6.39990020e-06 7.94180090e-01 7.94180090e-01 7.94180090e-01 7.94180090e-01
51 6.40089820e-06 7.94180090e-01 7.94180090e-01 7.94180090e-01 7.94180090e-01
52 6.40189621e-06 7.94180090e-01 7.94180090e-01 7.94180090e-01 7.94180090e-01
53 6.40289421e-06 7.94180090e-01 7.94180090e-01 7.94180090e-01 7.94180090e-01
54 6.40389222e-06 7.94180090e-01 7.94180090e-01 7.94180090e-01 7.94180090e-01
55 6.40489022e-06 7.94180090e-01 7.94180090e-01 7.94180090e-01 7.94180090e-01
56 6.40588822e-06 7.94180090e-01 7.94180090e-01 7.94180090e-01 7.94180090e-01
57 6.40688623e-06 7.94180090e-01 7.94180090e-01 7.94180090e-01 7.94180090e-01
58 6.40788423e-06 7.94180090e-01 7.94180090e-01 7.94180090e-01 7.94180090e-01
59 6.40888224e-06 7.94180090e-01 7.94180090e-01 7.94180090e-01 7.94180090e-01
60 6.40988024e-06 7.94180090e-01 7.94180090e-01 7.94180090e-01 7.94180090e-01
61 6.41087824e-06 7.94180090e-01 7.94180090e-01 7.94180090e-01 7.94180090e-01
62 6.41187625e-06 7.94180090e-01 7.94180090e-01 7.94180090e-01 7.94180090e-01
63 6.41287425e-06 7.94180090e-01 7.94180090e-01 7.94180090e-01 7.94180090e-01
64 6.41387226e-06 7.94180090e-01 7.94180090e-01 7.94180090e-01 7.94180090e-01
65 6.41487026e-06 7.94180090e-01 7.94180090e-01 7.94180090e-01 7.94180090e-01
66 6.41586826e-06 7.94180090e-01 7.94180090e-01 7.94180090e-01 7.94180090e-01
67 6.41686627e-06 7.94180090e-01 7.94180090e-01 7.94180090e-01 7.94180090e-01
68 6.41786427e-06 7.94180090e-01 7.94180090e-01 7.94180090e-01 7.94180090e-01
69 6.41886228e-06 7.94180090e-01 7.94180090e-01 7.94180090e-01 7.94180090e-01
70 6.41986028e-06 7.94180090e-01 7.94180090e-01 7.94180090e-01 7.94180090e-01
71 6.42085828e-06 7.94180090e-01 7.94180090e-01 7.94180090e-01 7.94180090e-01
72 6.42185629e-06 7.94180090e-01 7.94180090e-01 7.94180090e-01 7.94180090e-01
73 6.42285429e-06 7.94180090e-01 7.94180090e-01 7.94180090e-01 7.94180090e-01
74 6.42385230e-06 7.94180090e-01 7.94180090e-01 7.94180090e-01 7.94180090e-01
75 6.42485030e-06 7.94180090e-01 7.94180090e-01 7.94180090e-01 7.94180090e-01
76 6.42584830e-06 7.94180090e-01 7.94180090e-01 7.94180090e-01 7.94180090e-01
77 6.42684631e-06 7.94180090e-01 7.94180090e-01 7.94180090e-01 7.94180090e-01
78 6.42784431e-06 7.94180090e-01 7.94180090e-01 7.94180090e-01 7.94180090e-01
79 6.42884232e-06 7.94180090e-01 7.94180090e-01 7.94180090e-01 7.94180090e-01
80 6.42984032e-06 7.94180090e-01 7.94180090e-01 7.94180090e-01 7.94180090e-01
81 6.43083832e-06 7.94180090e-01 7.94180090e-01 7.94180090e-01 7.94180090e-01
82 6.43183633e-06 7.94180090e-01 7.94180090e-01 7.94180090e-01 7.94180090e-01
83 6.43283433e-06 7.94180090e-01 7.94180090e-01 7.94180090e-01 7.94180090e-01
84 6.43383234e-06 7.94180090e-01 7.94180090e-01 7.94180090e-01 7.94180090e-01
85 6.43483034e-06 7.94180090e-01 7.94180090e-01 7.94180090e-01 7.94180090e-01
86 6.43582834e-06 7.94180090e-01 7.94180090e-01 7.94180090e-01 7.94180090e-01
87 6.43682635e-06 7.94180090e-01 7.94180090e-01 7.94180090e-01 7.94180090e-01
88 6.43782435e-06 7.94180090e-01 7.94180090e-01 7.94180090e-01 7.94180090e-01
89 6.43882236e-06 7.94180090e-01 7.94180090e-01 7.94180090e-01 7.94180090e-01
90 6.43982036e-06 7.94180090e-01 7.94180090e-01 7.94180090e-01 7.94180090e-01
91 6.44081836e-06 7.94180090e-01 7.94180090e-01 7.94180090e-01 7.94180090e-01
92 6.44181637e-06 7.94180090e-01 7.94180090e-01 7.94180090e-01 7.94180090e-01
93 6.44281437e-06 7.94180090e-01 7.94180090e-01 7.94180090e-01 7.94180090e-01
94 6.44381238e-06 7.94180090e-01 7.94180090e-01 7.94180090e-01 7.94180090e-01
95 6.44481038e-06 7.94180090e-01 7.94180090e-01 7.94180090e-01 7.94180090e-01
96 6.44580838e-06 7.94180090e-01 7.94180090e-01 7.94180090e-01 7.94180090e-01
97 6.44680639e-06 7.94180090e-01 7.94180090e-01 7.94180090e-01 7.94180090e-01
98 6.44780439e-06 7.94180090e-01 7.94180090e-01 7.94180090e-01 7.94180090e-01
99 6.44880240e-06 7.94180090e-01 7.94180090e-01 7.94180090e-01 7.94180090e-01
100 6.44980040e-06 7.94180090e-01 7.94180090e-01 7.94180090e-01 7.94180090e-01
101 6.45079840e-06 7.94180090e-01 7.94180090e-01 7.94180090e-01 7.94180090e-01
102 6.45179641e-06 7.94180090e-01 7.94180090e-01 7.94180090e-01 7.94180090e-01
103 6.45279441e-06 7.94180090e-01 7.94180090e-01 7.94180090e-01 7.94180090e-01
104 6.45379242e-06 7.94180090e-01 7.94180090e-01 7.94180090e-01 7.94180090e-01
105 6.45479042e-06 7.94180090e-01 7.94180090e-01 7.94180090e-01 7.94180090e-01
106 6.45578842e-06 7.94180090e-01 7.94180090e-01 7.94180090e-01 7.94180090e-01
107 6.45678643e-06 7.94180090e-01 7.94180090e-01 7.94180090e-01 7.94180090e-01
108 6.45778443e-06 7.94180090e-01 7.94180090e-01 7.94180090e-01 7.94180090e-01
109 6.45878244e-06 7.94180090e-01 7.94180090e-01 7.94180090e-01 7.94180090e-01
110 6.45978044e-06 7.94180090e-01 7.94180090e-01 7.94180090e-01 7.94180090e-01
111 6.46077844e-06 7.94180090e-01 7.94180090e-01 7.94180090e-01 7.94180090e-01
112 6.46177645e-06 7.94180090e-01 7.94180090e-01 7.94180090e-01 7.94180090e-01
113 6.46277445e-06 7.98971312e-01 7.98971312e-01 7.98971312e-01 7.98971312e-01
114 6.46377246e-06 8.07680263e-01 8.07680263e-01 8.07680263e-01 8.07680263e-01
115 6.46477046e-06 8.20169015e-01 8.20169015e-01 8.20169015e-01 8.20169015e-01
116 6.46576846e-06 8.41719818e-01 8.41719818e-01 8.41719818e-01 8.41719818e-01
117 6.46676647e-06 8.88718294e-01 8.88718294e-01 8.88718294e-01 8.88718294e-01
118 6.46776447e-06 9.71298442e-01 9.71298442e-01 9.71298442e-01 9.71298442e-01
119 6.46876248e-06 1.11095682e+00 1.11095682e+00 1.11095682e+00 1.11095682e+00
120 6.46976048e-06 1.34426963e+00 1.34426963e+00 1.34426963e+00 1.34426963e+00
121 6.47075848e-06 1.73691090e+00 1.73691090e+00 1.73691090e+00 1.73691090e+00
122 6.47175649e-06 2.39056391e+00 2.39056391e+00 2.39056391e+00 2.39056391e+00
123 6.47275449e-06 3.45644166e+00 3.45644166e+00 3.45644166e+00 3.45644166e+00
124 6.47375250e-06 5.15505334e+00 5.15505334e+00 5.15505334e+00 5.15505334e+00
125 6.47475050e-06 7.83307985e+00 7.83307985e+00 7.83307985e+00 7.83307985e+00
126 6.47574850e-06 1.19914685e+01 1.19914685e+01 1.19914685e+01 1.19914685e+01
127 6.47674651e-06 1.83480653e+01 1.83480653e+01 1.83480653e+01 1.83480653e+01
128 6.47774451e-06 2.79123521e+01 2.79123521e+01 2.79123521e+01 2.79123521e+01
129 6.47874251e-06 4.20860922e+01 4.20860922e+01 4.20860922e+01 4.20860922e+01
130 6.47974052e-06 6.27648637e+01 6.27648637e+01 6.27648637e+01 6.27648637e+01
131 6.48073852e-06 9.24683865e+01 9.24683865e+01 9.24683865e+01 9.24683865e+01
132 6.48173653e-06 1.34479355e+02 1.34479355e+02 1.34479355e+02 1.34479355e+02
133 6.48273453e-06 1.92978282e+02 1.92978282e+02 1.92978282e+02 1.92978282e+02
134 6.48373253e-06 2.73182838e+02 2.73182838e+02 2.73182838e+02 2.73182838e+02
135 6.48473054e-06 3.81436769e+02 3.81436769e+02 3.81436769e+02 3.81436769e+02
136 6.48572854e-06 5.25285140e+02 5.25285140e+02 5.25285140e+02 5.25285140e+02
137 6.48672655e-06 7.13457976e+02 7.13457976e+02 7.13457976e+02 7.13457976e+02
138 6.48772455e-06 9.55768867e+02 9.55768867e+02 9.55768867e+02 9.55768867e+02
139 6.48872255e-06 1.26289911e+03 1.26289911e+03 1.26289911e+03 1.26289911e+03
140 6.48972056e-06 1.64604764e+03 1.64604764e+03 1.64604764e+03 1.64604764e+03
141 6.49071856e-06 2.11643936e+03 2.11643936e+03 2.11643936e+03 2.11643936e+03
142 6.49171657e-06 2.68469267e+03 2.68469267e+03 2.68469267e+03 2.68469267e+03
143 6.49271457e-06 3.36006149e+03 3.36006149e+03 3.36006149e+03 3.36006149e+03
144 6.49371257e-06 4.14959474e+03 4.14959474e+03 4.14959474e+03 4.14959474e+03
145 6.49471058e-06 5.05724934e+03 5.05724934e+03 5.05724934e+03 5.05724934e+03
146 6.49570858e-06 6.08303550e+03 6.08303550e+03 6.08303550e+03 6.08303550e+03
147 6.49670659e-06 7.22226479e+03 7.22226479e+03 7.22226479e+03 7.22226479e+03
148 6.49770459e-06 8.46498362e+03 8.46498362e+03 8.46498362e+03 8.46498362e+03
149 6.49870259e-06 9.79567301e+03 9.79567301e+03 9.79567301e+03 9.79567301e+03
150 6.49970060e-06 1.11932729e+04 1.11932729e+04 1.11932729e+04 1.11932729e+04
151 6.50069860e-06 1.26315796e+04 1.26315796e+04 1.26315796e+04 1.26315796e+04
152 6.50169661e-06 1.40800275e+04 1.40800275e+04 1.40800275e+04 1.40800275e+04
153 6.50269461e-06 1.55048350e+04 1.55048350e+04 1.55048350e+04 1.55048350e+04
154 6.50369261e-06 1.68704600e+04 1.68704600e+04 1.68704600e+04 1.68704600e+04
155 6.50469062e-06 1.81412712e+04 1.81412712e+04 1.81412712e+04 1.81412712e+04
156 6.50568862e-06 1.92833272e+04 1.92833272e+04 1.92833272e+04 1.92833272e+04
157 6.50668663e-06 2.02661257e+04 2.02661257e+04 2.02661257e+04 2.02661257e+04
158 6.50768463e-06 2.10641829e+04 2.10641829e+04 2.10641829e+04 2.10641829e+04
159 6.50868263e-06 2.16583375e+04 2.16583375e+04 2.16583375e+04 2.16583375e+04
160 6.50968064e-06 2.20366528e+04 2.20366528e+04 2.20366528e+04 2.20366528e+04
161 6.51067864e-06 2.21948661e+04 2.21948661e+04 2.21948661e+04 2.21948661e+04
162 6.51167665e-06 2.21363518e+04 2.21363518e+04 2.21363518e+04 2.21363518e+04
163 6.51267465e-06 2.18716171e+04 2.18716171e+04 2.18716171e+04 2.18716171e+04
164 6.51367265e-06 2.14173866e+04 2.14173866e+04 2.14173866e+04 2.14173866e+04
165 6.51467066e-06 2.07953669e+04 2.07953669e+04 2.07953669e+04 2.07953669e+04
166 6.51566866e-06 2.00308073e+04 2.00308073e+04 2.00308073e+04 2.00308073e+04
167 6.51666667e-06 1.91509795e+04 1.91509795e+04 1.91509795e+04 1.91509795e+04
168 6.51766467e-06 1.81836977e+04 1.81836977e+04 1.81836977e+04 1.81836977e+04
169 6.51866267e-06 1.71559892e+04 1.71559892e+04 1.71559892e+04 1.71559892e+04
170 6.51966068e-06 1.60929924e+04 1.60929924e+04 1.60929924e+04 1.60929924e+04
171 6.52065868e-06 1.50171375e+04 1.50171375e+04 1.50171375e+04 1.50171375e+04
172 6.52165669e-06 1.39476279e+04 1.39476279e+04 1.39476279e+04 1.39476279e+04
173 6.52265469e-06 1.29002125e+04 1.29002125e+04 1.29002125e+04 1.29002125e+04
174 6.52365269e-06 1.18872144e+04 1.18872144e+04 1.18872144e+04 1.18872144e+04
175 6.52465070e-06 1.09177627e+04 1.09177627e+04 1.09177627e+04 1.09177627e+04
176 6.52564870e-06 9.99816816e+03 9.99816816e+03 9.99816816e+03 9.99816816e+03
177 6.52664671e-06 9.13238043e+03 9.13238043e+03 9.13238043e+03 9.13238043e+03
178 6.52764471e-06 8.32246986e+03 8.32246986e+03 8.32246986e+03 8.32246986e+03
179 6.52864271e-06 7.56908861e+03 7.56908861e+03 7.56908861e+03 7.56908861e+03
180 6.52964072e-06 6.87187694e+03 6.87187694e+03 6.87187694e+03 6.87187694e+03
181 6.53063872e-06 6.22979386e+03 6.22979386e+03 6.22979386e+03 6.22979386e+03
182 6.53163673e-06 5.64136386e+03 5.64136386e+03 5.64136386e+03 5.64136386e+03
183 6.53263473e-06 5.10484066e+03 5.10484066e+03 5.10484066e+03 5.10484066e+03
184 6.53363273e-06 4.61829729e+03 4.61829729e+03 4.61829729e+03 4.61829729e+03
185 6.53463074e-06 4.17965624e+03 4.17965624e+03 4.17965624e+03 4.17965624e+03
186 6.53562874e-06 3.78667694e+03 3.78667694e+03 3.78667694e+03 3.78667694e+03
187 6.53662675e-06 3.43691852e+03 3.43691852e+03 3.43691852e+03 3.43691852e+03
188 6.53762475e-06 3.12769547e+03 3.12769547e+03 3.12769547e+03 3.12769547e+03
189 6.53862275e-06 2.85604185e+03 2.85604185e+03 2.85604185e+03 2.85604185e+03
190 6.53962076e-06 2.61869701e+03 2.61869701e+03 2.61869701e+03 2.61869701e+03
191 6.54061876e-06 2.41212149e+03 2.41212149e+03 2.41212149e+03 2.41212149e+03
192 6.54161677e-06 2.23254748e+03 2.23254748e+03 2.23254748e+03 2.23254748e+03
193 6.54261477e-06 2.07606305e+03 2.07606305e+03 2.07606305e+03 2.07606305e+03
194 6.54361277e-06 1.93872464e+03 1.93872464e+03 1.93872464e+03 1.93872464e+03
195 6.54461078e-06 1.81668805e+03 1.81668805e+03 1.81668805e+03 1.81668805e+03
196 6.54560878e-06 1.70634324e+03 1.70634324e+03 1.70634324e+03 1.70634324e+03
197 6.54660679e-06 1.60445246e+03 1.60445246e+03 1.60445246e+03 1.60445246e+03
198 6.54760479e-06 1.50824669e+03 1.50824669e+03 1.50824669e+03 1.50824669e+03
199 6.54860279e-06 1.41550726e+03 1.41550726e+03 1.41550726e+03 1.41550726e+03
200 6.54960080e-06 1.32460178e+03 1.32460178e+03 1.32460178e+03 1.32460178e+03
201 6.55059880e-06 1.23449191e+03 1.23449191e+03 1.23449191e+03 1.23449191e+03
202 6.55159681e-06 1.14467888e+03 1.14467888e+03 1.14467888e+03 1.14467888e+03
203 6.55259481e-06 1.05513212e+03 1.05513212e+03 1.05513212e+03 1.05513212e+03
204 6.55359281e-06 9.66193079e+02 9.66193079e+02 9.66193079e+02 9.66193079e+02
205 6.55459082e-06 8.78471841e+02 8.78471841e+02 8.78471841e+02 8.78471841e+02
206 6.55558882e-06 7.92737414e+02 7.92737414e+02 7.92737414e+02 7.92737414e+02
207 6.55658683e-06 7.09819335e+02 7.09819335e+02 7.09819335e+02 7.09819335e+02
208 6.55758483e-06 6.30510660e+02 6.30510660e+02 6.30510660e+02 6.30510660e+02
209 6.55858283e-06 5.55520520e+02 5.55520520e+02 5.55520520e+02 5.55520520e+02
210 6.55958084e-06 4.85425803e+02 4.85425803e+02 4.85425803e+02 4.85425803e+02
211 6.56057884e-06 4.20650039e+02 4.20650039e+02 4.20650039e+02 4.20650039e+02
212 6.56157685e-06 3.61451900e+02 3.61451900e+02 3.61451900e+02 3.61451900e+02
213 6.56257485e-06 3.07941587e+02 3.07941587e+02 3.07941587e+02 3.07941587e+02
214 6.56357285e-06 2.60089540e+02 2.60089540e+02 2.60089540e+02 2.60089540e+02
215 6.56457086e-06 2.17749160e+02 2.17749160e+02 2.17749160e+02 2.17749160e+02
216 6.56556886e-06 1.80681533e+02 1.80681533e+02 1.80681533e+02 1.80681533e+02
217 6.56656687e-06 1.48571845e+02 1.48571845e+02 1.48571845e+02 1.48571845e+02
218 6.56756487e-06 1.21059490e+02 1.21059490e+02 1.21059490e+02 1.21059490e+02
219 6.56856287e-06 9.77433393e+01 9.77433393e+01 9.77433393e+01 9.77433393e+01
220 6.56956088e-06 7.82053453e+01 7.82053453e+01 7.82053453e+01 7.82053453e+01
221 6.57055888e-06 6.20223327e+01 6.20223327e+01 6.20223327e+01 6.20223327e+01
222 6.57155689e-06 4.87766259e+01 4.87766259e+01 4.87766259e+01 4.87766259e+01
223 6.57255489e-06 3.80659860e+01 3.80659860e+01 3.80659860e+01 3.80659860e+01
224 6.57355289e-06 2.95109832e+01 2.95109832e+01 2.95109832e+01 2.95109832e+01
225 6.57455090e-06 2.27610962e+01 2.27610962e+01 2.27610962e+01 2.27610962e+01
226 6.57554890e-06 1.75002302e+01 1.75002302e+01 1.75002302e+01 1.75002302e+01
227 6.57654691e-06 1.34465372e+01 1.34465372e+01 1.34465372e+01 1.34465372e+01
228 6.57754491e-06 1.03563638e+01 1.03563638e+01 1.03563638e+01 1.03563638e+01
229 6.57854291e-06 8.02256705e+00 8.02256705e+00 8.02256705e+00 8.02256705e+00
230 6.57954092e-06 6.27309292e+00 6.27309292e+00 6.27309292e+00 6.27309292e+00
231 6.58053892e-06 4.96829492e+00 4.96829492e+00 4.96829492e+00 4.96829492e+00
232 6.58153693e-06 3.99640288e+00 3.99640288e+00 3.99640288e+00 3.99640288e+00
233 6.58253493e-06 3.27079663e+00 3.27079663e+00 3.27079663e+00 3.27079663e+00
234 6.58353293e-06 2.72556868e+00 2.72556868e+00 2.72556868e+00 2.72556868e+00
235 6.58453094e-06 2.31165924e+00 2.31165924e+00 2.31165924e+00 2.31165924e+00
236 6.58552894e-06 1.99330421e+00 1.99330421e+00 1.99330421e+00 1.99330421e+00
237 6.58652695e-06 1.74473214e+00 1.74473214e+00 1.74473214e+00 1.74473214e+00
238 6.58752495e-06 1.54836955e+00 1.54836955e+00 1.54836955e+00 1.54836955e+00
239 6.58852295e-06 1.39129961e+00 1.39129961e+00 1.39129961e+00 1.39129961e+00
240 6.58952096e-06 1.26402763e+00 1.26402763e+00 1.26402763e+00 1.26402763e+00
241 6.59051896e-06 1.16206269e+00 1.16206269e+00 1.16206269e+00 1.16206269e+00
242 6.59151697e-06 1.07963854e+00 1.07963854e+00 1.07963854e+00 1.07963854e+00
243 6.59251497e-06 1.01336358e+00 1.01336358e+00 1.01336358e+00 1.01336358e+00
244 6.59351297e-06 9.60515451e-01 9.60515451e-01 9.60515451e-01 9.60515451e-01
245 6.59451098e-06 9.18822524e-01 9.18822524e-01 9.18822524e-01 9.18822524e-01
246 6.59550898e-06 8.86338982e-01 8.86338982e-01 8.86338982e-01 8.86338982e-01
247 6.59650699e-06 8.61378363e-01 8.61378363e-01 8.61378363e-01 8.61378363e-01
248 6.59750499e-06 8.42479990e-01 8.42479990e-01 8.42479990e-01 8.42479990e-01
249 6.59850299e-06 8.28323361e-01 8.28323361e-01 8.28323361e-01 8.28323361e-01
250 6.59950100e-06 8.17916932e-01 8.17916932e-01 8.17916932e-01 8.17916932e-01
251 6.60049900e-06 8.10520413e-01 8.10520413e-01 8.10520413e-01 8.10520413e-01
252 6.60149701e-06 8.05254600e-01 8.05254600e-01 8.05254600e-01 8.05254600e-01
253 6.60249501e-06 8.01569582e-01 8.01569582e-01 8.01569582e-01 8.01569582e-01
254 6.60349301e-06 7.99034438e-01 7.99034438e-01 7.99034438e-01 7.99034438e-01
255 6.60449102e-06 7.97319683e-01 7.97319683e-01 7.97319683e-01 7.97319683e-01
256 6.60548902e-06 7.96179225e-01 7.96179225e-01 7.96179225e-01 7.96179225e-01
257 6.60648703e-06 7.95433338e-01 7.95433338e-01 7.95433338e-01 7.95433338e-01
258 6.60748503e-06 7.94953586e-01 7.94953586e-01 7.94953586e-01 7.94953586e-01
259 6.60848303e-06 7.94650098e-01 7.94650098e-01 7.94650098e-01 7.94650098e-01
260 6.60948104e-06 7.94461266e-01 7.94461266e-01 7.94461266e-01 7.94461266e-01
261 6.61047904e-06 7.94345697e-01 7.94345697e-01 7.94345697e-01 7.94345697e-01
262 6.61147705e-06 7.94276119e-01 7.94276119e-01 7.94276119e-01 7.94276119e-01
263 6.61247505e-06 7.94234912e-01 7.94234912e-01 7.94234912e-01 7.94234912e-01
264 6.61347305e-06 7.94210903e-01 7.94210903e-01 7.94210903e-01 7.94210903e-01
265 6.61447106e-06 7.94197140e-01 7.94197140e-01 7.94197140e-01 7.94197140e-01
266 6.61546906e-06 7.94189379e-01 7.94189379e-01 7.94189379e-01 7.94189379e-01
267 6.61646707e-06 7.94185072e-01 7.94185072e-01 7.94185072e-01 7.94185072e-01
268 6.61746507e-06 7.94182721e-01 7.94182721e-01 7.94182721e-01 7.94182721e-01
269 6.61846307e-06 7.94180090e-01 7.94180090e-01 7.94180090e-01 7.94180090e-01
270 6.61946108e-06 7.94180090e-01 7.94180090e-01 7.94180090e-01 7.94180090e-01
271 6.62045908e-06 7.94180090e-01 7.94180090e-01 7.94180090e-01 7.94180090e-01
272 6.62145709e-06 7.94180090e-01 7.94180090e-01 7.94180090e-01 7.94180090e-01
273 6.62245509e-06 7.94180090e-01 7.94180090e-01 7.94180090e-01 7.94180090e-01
274 6.62345309e-06 7.94180090e-01 7.94180090e-01 7.94180090e-01 7.94180090e-01
275 6.62445110e-06 7.94180090e-01 7.94180090e-01 7.94180090e-01 7.94180090e-01
276 6.62544910e-06 7.94180090e-01 7.94180090e-01 7.94180090e-01 7.94180090e-01
277 6.62644711e-06 7.94180090e-01 7.94180090e-01 7.94180090e-01 7.94180090e-01
278 6.62744511e-06 7.94180090e-01 7.94180090e-01 7.94180090e-01 7.94180090e-01
279 6.62844311e-06 7.94180090e-01 7.94180090e-01 7.94180090e-01 7.94180090e-01
280 6.62944112e-06 7.94180090e-01 7.94180090e-01 7.94180090e-01 7.94180090e-01
281 6.63043912e-06 7.94180090e-01 7.94180090e-01 7.94180090e-01 7.94180090e-01
282 6.63143713e-06 7.94180090e-01 7.94180090e-01 7.94180090e-01 7.94180090e-01
283 6.63243513e-06 7.94180090e-01 7.94180090e-01 7.94180090e-01 7.94180090e-01
284 6.63343313e-06 7.94180090e-01 7.94180090e-01 7.94180090e-01 7.94180090e-01
285 6.63443114e-06 7.94180090e-01 7.94180090e-01 7.94180090e-01 7.94180090e-01
286 6.63542914e-06 7.94180090e-01 7.94180090e-01 7.94180090e-01 7.94180090e-01
287 6.63642715e-06 7.94180090e-01 7.94180090e-01 7.94180090e-01 7.94180090e-01
288 6.63742515e-06 7.94180090e-01 7.94180090e-01 7.94180090e-01 7.94180090e-01
289 6.63842315e-06 7.94180090e-01 7.94180090e-01 7.94180090e-01 7.94180090e-01
290 6.63942116e-06 7.94180090e-01 7.94180090e-01 7.94180090e-01 7.94180090e-01
291 6.64041916e-06 7.94180090e-01 7.94180090e-01 7.94180090e-01 7.94180090e-01
292 6.64141717e-06 7.94180090e-01 7.94180090e-01 7.94180090e-01 7.94180090e-01
293 6.64241517e-06 7.94180090e-01 7.94180090e-01 7.94180090e-01 7.94180090e-01
294 6.64341317e-06 7.94180090e-01 7.94180090e-01 7.94180090e-01 7.94180090e-01
295 6.64441118e-06 7.94180090e-01 7.94180090e-01 7.94180090e-01 7.94180090e-01
296 6.64540918e-06 7.94180090e-01 7.94180090e-01 7.94180090e-01 7.94180090e-01
297 6.64640719e-06 7.94180090e-01 7.94180090e-01 7.94180090e-01 7.94180090e-01
298 6.64740519e-06 7.94180090e-01 7.94180090e-01 7.94180090e-01 7.94180090e-01
299 6.64840319e-06 7.94180090e-01 7.94180090e-01 7.94180090e-01 7.94180090e-01
300 6.64940120e-06 7.94180090e-01 7.94180090e-01 7.94180090e-01 7.94180090e-01
301 6.65039920e-06 7.94180090e-01 7.94180090e-01 7.94180090e-01 7.94180090e-01
302 6.65139721e-06 7.94180090e-01 7.94180090e-01 7.94180090e-01 7.94180090e-01
303 6.65239521e-06 7.94180090e-01 7.94180090e-01 7.94180090e-01 7.94180090e-01
304 6.65339321e-06 7.94180090e-01 7.94180090e-01 7.94180090e-01 7.94180090e-01
305 6.65439122e-06 7.94180090e-01 7.94180090e-01 7.94180090e-01 7.94180090e-01
306 6.65538922e-06 7.94180090e-01 7.94180090e-01 7.94180090e-01 7.94180090e-01
307 6.65638723e-06 7.94180090e-01 7.94180090e-01 7.94180090e-01 7.94180090e-01
308 6.65738523e-06 7.94180090e-01 7.94180090e-01 7.94180090e-01 7.94180090e-01
309 6.65838323e-06 7.94180090e-01 7.94180090e-01 7.94180090e-01 7.94180090e-01
310 6.65938124e-06 7.94468867e-01 7.94468867e-01 7.94468867e-01 7.94468867e-01
311 6.66037924e-06 7.94772667e-01 7.94772667e-01 7.94772667e-01 7.94772667e-01
312 6.66137725e-06 7.95277984e-01 7.95277984e-01 7.95277984e-01 7.95277984e-01
313 6.66237525e-06 7.96182740e-01 7.96182740e-01 7.96182740e-01 7.96182740e-01
314 6.66337325e-06 7.99002696e-01 7.99002696e-01 7.99002696e-01 7.99002696e-01
315 6.66437126e-06 8.03263172e-01 8.03263172e-01 8.03263172e-01 8.03263172e-01
316 6.66536926e-06 8.12008768e-01 8.12008768e-01 8.12008768e-01 8.12008768e-01
317 6.66636727e-06 8.28118804e-01 8.28118804e-01 8.28118804e-01 8.28118804e-01
318 6.66736527e-06 8.53355927e-01 8.53355927e-01 8.53355927e-01 8.53355927e-01
319 6.66836327e-06 8.95912940e-01 8.95912940e-01 8.95912940e-01 8.95912940e-01
320 6.66936128e-06 9.66627448e-01 9.66627448e-01 9.66627448e-01 9.66627448e-01
321 6.67035928e-06 1.08241047e+00 1.08241047e+00 1.08241047e+00 1.08241047e+00
322 6.67135729e-06 1.26920752e+00 1.26920752e+00 1.26920752e+00 1.26920752e+00
323 6.67235529e-06 1.56614858e+00 1.56614858e+00 1.56614858e+00 1.56614858e+00
324 6.67335329e-06 2.03122945e+00 2.03122945e+00 2.03122945e+00 2.03122945e+00
325 6.67435130e-06 2.74889751e+00 2.74889751e+00 2.74889751e+00 2.74889751e+00
326 6.67534930e-06 3.83991196e+00 3.83991196e+00 3.83991196e+00 3.83991196e+00
327 6.67634731e-06 5.47378958e+00 5.47378958e+00 5.47378958e+00 5.47378958e+00
328 6.67734531e-06 7.88400754e+00 7.88400754e+00 7.88400754e+00 7.88400754e+00
329 6.67834331e-06 1.13858887e+01 1.13858887e+01 1.13858887e+01 1.13858887e+01
330 6.67934132e-06 1.63967196e+01 1.63967196e+01 1.63967196e+01 1.63967196e+01
331 6.68033932e-06 2.34571353e+01 2.34571353e+01 2.34571353e+01 2.34571353e+01
332 6.68133733e-06 3.32521531e+01 3.32521531e+01 3.32521531e+01 3.32521531e+01
333 6.68233533e-06 4.66294856e+01 4.66294856e+01 4.66294856e+01 4.66294856e+01
334 6.68333333e-06 6.46119722e+01 6.46119722e+01 6.46119722e+01 6.46119722e+01
335 6.68433134e-06 8.84002552e+01 8.84002552e+01 8.84002552e+01 8.84002552e+01
336 6.68532934e-06 1.19361325e+02 1.19361325e+02 1.19361325e+02 1.19361325e+02
337 6.68632735e-06 1.58998443e+02 1.58998443e+02 1.58998443e+02 1.58998443e+02
338 6.68732535e-06 2.08898417e+02 2.08898417e+02 2.08898417e+02 2.08898417e+02
339 6.68832335e-06 2.70653348e+02 2.70653348e+02 2.70653348e+02 2.70653348e+02
340 6.68932136e-06 3.45755997e+02 3.45755997e+02 3.45755997e+02 3.45755997e+02
341 6.69031936e-06 4.35470682e+02 4.35470682e+02 4.35470682e+02 4.35470682e+02
342 6.69131737e-06 5.40685066e+02 5.40685066e+02 5.40685066e+02 5.40685066e+02
343 6.69231537e-06 6.61752024e+02 6.61752024e+02 6.61752024e+02 6.61752024e+02
344 6.69331337e-06 7.98334457e+02 7.98334457e+02 7.98334457e+02 7.98334457e+02
345 6.69431138e-06 9.49268934e+02 9.49268934e+02 9.49268934e+02 9.49268934e+02
346 6.69530938e-06 1.11246577e+03 1.11246577e+03 1.11246577e+03 1.11246577e+03
347 6.69630739e-06 1.28486297e+03 1.28486297e+03 1.28486297e+03 1.28486297e+03
348 6.69730539e-06 1.46244909e+03 1.46244909e+03 1.46244909e+03 1.46244909e+03
349 6.69830339e-06 1.64036513e+03 1.64036513e+03 1.64036513e+03 1.64036513e+03
350 6.69930140e-06 1.81308863e+03 1.81308863e+03 1.81308863e+03 1.81308863e+03
351 6.70029940e-06 1.97469475e+03 1.97469475e+03 1.97469475e+03 1.97469475e+03
352 6.70129741e-06 2.11917948e+03 2.11917948e+03 2.11917948e+03 2.11917948e+03
353 6.70229541e-06 2.24082232e+03 2.24082232e+03 2.24082232e+03 2.24082232e+03
354 6.70329341e-06 2.33455840e+03 2.33455840e+03 2.33455840e+03 2.33455840e+03
355 6.70429142e-06 2.39632683e+03 2.39632683e+03 2.39632683e+03 2.39632683e+03
356 6.70528942e-06 2.42336211e+03 2.42336211e+03 2.42336211e+03 2.42336211e+03
357 6.70628743e-06 2.41439935e+03 2.41439935e+03 2.41439935e+03 2.41439935e+03
358 6.70728543e-06 2.36977218e+03 2.36977218e+03 2.36977218e+03 2.36977218e+03
359 6.70828343e-06 2.29139290e+03 2.29139290e+03 2.29139290e+03 2.29139290e+03
360 6.70928144e-06 2.18261623e+03 2.18261623e+03 2.18261623e+03 2.18261623e+03
361 6.71027944e-06 2.04800041e+03 2.04800041e+03 2.04800041e+03 2.04800041e+03
362 6.71127745e-06 1.89298930e+03 1.89298930e+03 1.89298930e+03 1.89298930e+03
363 6.71227545e-06 1.72354656e+03 1.72354656e+03 1.72354656e+03 1.72354656e+03
364 6.71327345e-06 1.54577619e+03 1.54577619e+03 1.54577619e+03 1.54577619e+03
365 6.71427146e-06 1.36556291e+03 1.36556291e+03 1.36556291e+03 1.36556291e+03
366 6.71526946e-06 1.18826137e+03 1.18826137e+03 1.18826137e+03 1.18826137e+03
367 6.71626747e-06 1.01845569e+03 1.01845569e+03 1.01845569e+03 1.01845569e+03
368 6.71726547e-06 8.59801534e+02 8.59801534e+02 8.59801534e+02 8.59801534e+02
369 6.71826347e-06 7.14953675e+02 7.14953675e+02 7.14953675e+02 7.14953675e+02
370 6.71926148e-06 5.85573071e+02 5.85573071e+02 5.85573071e+02 5.85573071e+02
371 6.72025948e-06 4.72400886e+02 4.72400886e+02 4.72400886e+02 4.72400886e+02
372 6.72125749e-06 3.75382343e+02 3.75382343e+02 3.75382343e+02 3.75382343e+02
373 6.72225549e-06 2.93821559e+02 2.93821559e+02 2.93821559e+02 2.93821559e+02
374 6.72325349e-06 2.26548975e+02 2.26548975e+02 2.26548975e+02 2.26548975e+02
375 6.72425150e-06 1.72085448e+02 1.72085448e+02 1.72085448e+02 1.72085448e+02
376 6.72524950e-06 1.28790652e+02 1.28790652e+02 1.28790652e+02 1.28790652e+02
377 6.72624750e-06 9.49876113e+01 9.49876113e+01 9.49876113e+01 9.49876113e+01
378 6.72724551e-06 6.90592626e+01 6.90592626e+01 6.90592626e+01 6.90592626e+01
379 6.72824351e-06 4.95164766e+01 4.95164766e+01 4.95164766e+01 4.95164766e+01
380 6.72924152e-06 3.50397152e+01 3.50397152e+01 3.50397152e+01 3.50397152e+01
381 6.73023952e-06 2.44982746e+01 2.44982746e+01 2.44982746e+01 2.44982746e+01
382 6.73123752e-06 1.69519828e+01 1.69519828e+01 1.69519828e+01 1.69519828e+01
383 6.73223553e-06 1.16403704e+01 1.16403704e+01 1.16403704e+01 1.16403704e+01
384 6.73323353e-06 7.96394255e+00 7.96394255e+00 7.96394255e+00 7.96394255e+00
385 6.73423154e-06 5.46143710e+00 5.46143710e+00 5.46143710e+00 5.46143710e+00
386 6.73522954e-06 3.78606571e+00 3.78606571e+00 3.78606571e+00 3.78606571e+00
387 6.73622754e-06 2.68283072e+00 2.68283072e+00 2.68283072e+00 2.68283072e+00
388 6.73722555e-06 1.96820906e+00 1.96820906e+00 1.96820906e+00 1.96820906e+00
389 6.73822355e-06 1.51284069e+00 1.51284069e+00 1.51284069e+00 1.51284069e+00
390 6.73922156e-06 1.22737574e+00 1.22737574e+00 1.22737574e+00 1.22737574e+00
391 6.74021956e-06 1.05131265e+00 1.05131265e+00 1.05131265e+00 1.05131265e+00
392 6.74121756e-06 9.44473658e-01 9.44473658e-01 9.44473658e-01 9.44473658e-01
393 6.74221557e-06 8.80537540e-01 8.80537540e-01 8.80537540e-01 8.80537540e-01
394 6.74321357e-06 8.43114784e-01 8.43114784e-01 8.43114784e-01 8.43114784e-01
395 6.74421158e-06 8.21494419e-01 8.21494419e-01 8.21494419e-01 8.21494419e-01
396 6.74520958e-06 8.09192810e-01 8.09192810e-01 8.09192810e-01 8.09192810e-01
397 6.74620758e-06 8.01848954e-01 8.01848954e-01 8.01848954e-01 8.01848954e-01
398 6.74720559e-06 7.98136752e-01 7.98136752e-01 7.98136752e-01 7.98136752e-01
399 6.74820359e-06 7.95731955e-01 7.95731955e-01 7.95731955e-01 7.95731955e-01
400 6.74920160e-06 7.94180090e-01 7.94180090e-01 7.94180090e-01 7.94180090e-01
401 6.75019960e-06 7.94180090e-01 7.94180090e-01 7.94180090e-01 7.94180090e-01
402 6.75119760e-06 7.94180090e-01 7.94180090e-01 7.94180090e-01 7.94180090e-01
403 6.75219561e-06 7.94180090e-01 7.94180090e-01 7.94180090e-01 7.94180090e-01
404 6.75319361e-06 7.94180090e-01 7.94180090e-01 7.94180090e-01 7.94180090e-01
405 6.75419162e-06 7.94180090e-01 7.94180090e-01 7.94180090e-01 7.94180090e-01
406 6.75518962e-06 7.94180090e-01 7.94180090e-01 7.94180090e-01 7.94180090e-01
407 6.75618762e-06 7.94180090e-01 7.94180090e-01 7.94180090e-01 7.94180090e-01
408 6.75718563e-06 7.94180090e-01 7.94180090e-01 7.94180090e-01 7.94180090e-01
409 6.75818363e-06 7.94180090e-01 7.94180090e-01 7.94180090e-01 7.94180090e-01
410 6.75918164e-06 7.94180090e-01 7.94180090e-01 7.94180090e-01 7.94180090e-01
411 6.76017964e-06 7.94180090e-01 7.94180090e-01 7.94180090e-01 7.94180090e-01
412 6.76117764e-06 7.94180090e-01 7.94180090e-01 7.94180090e-01 7.94180090e-01
413 6.76217565e-06 7.94180090e-01 7.94180090e-01 7.94180090e-01 7.94180090e-01
414 6.76317365e-06 7.94180090e-01 7.94180090e-01 7.94180090e-01 7.94180090e-01
415 6.76417166e-06 7.94180090e-01 7.94180090e-01 7.94180090e-01 7.94180090e-01
416 6.76516966e-06 7.94180090e-01 7.94180090e-01 7.94180090e-01 7.94180090e-01
417 6.76616766e-06 7.94180090e-01 7.94180090e-01 7.94180090e-01 7.94180090e-01
418 6.76716567e-06 7.94180090e-01 7.94180090e-01 7.94180090e-01 7.94180090e-01
419 6.76816367e-06 7.94180090e-01 7.94180090e-01 7.94180090e-01 7.94180090e-01
420 6.76916168e-06 7.94180090e-01 7.94180090e-01 7.94180090e-01 7.94180090e-01
421 6.77015968e-06 7.94180090e-01 7.94180090e-01 7.94180090e-01 7.94180090e-01
422 6.77115768e-06 7.94180090e-01 7.94180090e-01 7.94180090e-01 7.94180090e-01
423 6.77215569e-06 7.94180090e-01 7.94180090e-01 7.94180090e-01 7.94180090e-01
424 6.77315369e-06 7.94180090e-01 7.94180090e-01 7.94180090e-01 7.94180090e-01
425 6.77415170e-06 7.94180090e-01 7.94180090e-01 7.94180090e-01 7.94180090e-01
426 6.77514970e-06 7.94180090e-01 7.94180090e-01 7.94180090e-01 7.94180090e-01
427 6.77614770e-06 7.94180090e-01 7.94180090e-01 7.94180090e-01 7.94180090e-01
428 6.77714571e-06 7.94180090e-01 7.94180090e-01 7.94180090e-01 7.94180090e-01
429 6.77814371e-06 7.94180090e-01 7.94180090e-01 7.94180090e-01 7.94180090e-01
430 6.77914172e-06 7.94180090e-01 7.94180090e-01 7.94180090e-01 7.94180090e-01
431 6.78013972e-06 7.94180090e-01 7.94180090e-01 7.94180090e-01 7.94180090e-01
432 6.78113772e-06 7.94180090e-01 7.94180090e-01 7.94180090e-01 7.94180090e-01
433 6.78213573e-06 7.94180090e-01 7.94180090e-01 7.94180090e-01 7.94180090e-01
434 6.78313373e-06 7.94180090e-01 7.94180090e-01 7.94180090e-01 7.94180090e-01
435 6.78413174e-06 7.94180090e-01 7.94180090e-01 7.94180090e-01 7.94180090e-01
436 6.78512974e-06 7.94180090e-01 7.94180090e-01 7.94180090e-01 7.94180090e-01
437 6.78612774e-06 7.94180090e-01 7.94180090e-01 7.94180090e-01 7.94180090e-01
438 6.78712575e-06 7.94180090e-01 7.94180090e-01 7.94180090e-01 7.94180090e-01
439 6.78812375e-06 7.94180090e-01 7.94180090e-01 7.94180090e-01 7.94180090e-01
440 6.78912176e-06 7.94180090e-01 7.94180090e-01 7.94180090e-01 7.94180090e-01
441 6.79011976e-06 7.94180090e-01 7.94180090e-01 7.94180090e-01 7.94180090e-01
442 6.79111776e-06 7.94180090e-01 7.94180090e-01 7.94180090e-01 7.94180090e-01
443 6.79211577e-06 7.94180090e-01 7.94180090e-01 7.94180090e-01 7.94180090e-01
444 6.79311377e-06 7.94180090e-01 7.94180090e-01 7.94180090e-01 7.94180090e-01
445 6.79411178e-06 7.94180090e-01 7.94180090e-01 7.94180090e-01 7.94180090e-01
446 6.79510978e-06 7.94180090e-01 7.94180090e-01 7.94180090e-01 7.94180090e-01
447 6.79610778e-06 7.94180090e-01 7.94180090e-01 7.94180090e-01 7.94180090e-01
448 6.79710579e-06 7.94180090e-01 7.94180090e-01 7.94180090e-01 7.94180090e-01
449 6.79810379e-06 7.94180090e-01 7.94180090e-01 7.94180090e-01 7.94180090e-01
450 6.79910180e-06 7.94180090e-01 7.94180090e-01 7.94180090e-01 7.94180090e-01
451 6.80009980e-06 7.94180090e-01 7.94180090e-01 7.94180090e-01 7.94180090e-01
452 6.80109780e-06 7.94180090e-01 7.94180090e-01 7.94180090e-01 7.94180090e-01
453 6.80209581e-06 7.94180090e-01 7.94180090e-01 7.94180090e-01 7.94180090e-01
454 6.80309381e-06 7.94180090e-01 7.94180090e-01 7.94180090e-01 7.94180090e-01
455 6.80409182e-06 7.94180090e-01 7.94180090e-01 7.94180090e-01 7.94180090e-01
456 6.80508982e-06 7.94180090e-01 7.94180090e-01 7.94180090e-01 7.94180090e-01
457 6.80608782e-06 7.94180090e-01 7.94180090e-01 7.94180090e-01 7.94180090e-01
458 6.80708583e-06 7.94180090e-01 7.94180090e-01 7.94180090e-01 7.94180090e-01
459 6.80808383e-06 7.94180090e-01 7.94180090e-01 7.94180090e-01 7.94180090e-01
460 6.80908184e-06 7.94180090e-01 7.94180090e-01 7.94180090e-01 7.94180090e-01
461 6.81007984e-06 7.94180090e-01 7.94180090e-01 7.94180090e-01 7.94180090e-01
462 6.81107784e-06 7.94180090e-01 7.94180090e-01 7.94180090e-01 7.94180090e-01
463 6.81207585e-06 7.94180090e-01 7.94180090e-01 7.94180090e-01 7.94180090e-01
464 6.81307385e-06 7.94180090e-01 7.94180090e-01 7.94180090e-01 7.94180090e-01
465 6.81407186e-06 7.94180090e-01 7.94180090e-01 7.94180090e-01 7.94180090e-01
466 6.81506986e-06 7.94180090e-01 7.94180090e-01 7.94180090e-01 7.94180090e-01
467 6.81606786e-06 7.94180090e-01 7.94180090e-01 7.94180090e-01 7.94180090e-01
468 6.81706587e-06 7.94180090e-01 7.94180090e-01 7.94180090e-01 7.94180090e-01
469 6.81806387e-06 7.94180090e-01 7.94180090e-01 7.94180090e-01 7.94180090e-01
470 6.81906188e-06 7.94180090e-01 7.94180090e-01 7.94180090e-01 7.94180090e-01
471 6.82005988e-06 7.94180090e-01 7.94180090e-01 7.94180090e-01 7.94180090e-01
472 6.82105788e-06 7.94180090e-01 7.94180090e-01 7.94180090e-01 7.94180090e-01
473 6.82205589e-06 7.94180090e-01 7.94180090e-01 7.94180090e-01 7.94180090e-01
474 6.82305389e-06 7.94180090e-01 7.94180090e-01 7.94180090e-01 7.94180090e-01
475 6.82405190e-06 7.94180090e-01 7.94180090e-01 7.94180090e-01 7.94180090e-01
476 6.82504990e-06 7.94180090e-01 7.94180090e-01 7.94180090e-01 7.94180090e-01
477 6.82604790e-06 7.94180090e-01 7.94180090e-01 7.94180090e-01 7.94180090e-01
478 6.82704591e-06 7.94180090e-01 7.94180090e-01 7.94180090e-01 7.94180090e-01
479 6.82804391e-06 7.94180090e-01 7.94180090e-01 7.94180090e-01 7.94180090e-01
480 6.82904192e-06 7.94180090e-01 7.94180090e-01 7.94180090e-01 7.94180090e-01
481 6.83003992e-06 7.94180090e-01 7.94180090e-01 7.94180090e-01 7.94180090e-01
482 6.83103792e-06 7.94180090e-01 7.94180090e-01 7.94180090e-01 7.94180090e-01
483 6.83203593e-06 7.94180090e-01 7.94180090e-01 7.94180090e-01 7.94180090e-01
484 6.83303393e-06 7.94180090e-01 7.94180090e-01 7.94180090e-01 7.94180090e-01
485 6.83403194e-06 7.94180090e-01 7.94180090e-01 7.94180090e-01 7.94180090e-01
486 6.83502994e-06 7.94180090e-01 7.94180090e-01 7.94180090e-01 7.94180090e-01
487 6.83602794e-06 7.94180090e-01 7.94180090e-01 7.94180090e-01 7.94180090e-01
488 6.83702595e-06 7.94180090e-01 7.94180090e-01 7.94180090e-01 7.94180090e-01
489 6.83802395e-06 7.94180090e-01 7.94180090e-01 7.94180090e-01 7.94180090e-01
490 6.83902196e-06 7.94180090e-01 7.94180090e-01 7.94180090e-01 7.94180090e-01
491 6.84001996e-06 7.94180090e-01 7.94180090e-01 7.94180090e-01 7.94180090e-01
492 6.84101796e-06 7.94180090e-01 7.94180090e-01 7.94180090e-01 7.94180090e-01
493 6.84201597e-06 7.94180090e-01 7.94180090e-01 7.94180090e-01 7.94180090e-01
494 6.84301397e-06 7.94180090e-01 7.94180090e-01 7.94180090e-01 7.94180090e-01
495 6.84401198e-06 7.94180090e-01 7.94180090e-01 7.94180090e-01 7.94180090e-01
496 6.84500998e-06 7.94180090e-01 7.94180090e-01 7.94180090e-01 7.94180090e-01
497 6.84600798e-06 7.94180090e-01 7.94180090e-01 7.94180090e-01 7.94180090e-01
498 6.84700599e-06 7.94180090e-01 7.94180090e-01 7.94180090e-01 7.94180090e-01
499 6.84800399e-06 7.94180090e-01 7.94180090e-01 7.94180090e-01 7.94180090e-01
500 6.84900200e-06 7.94180090e-01 7.94180090e-01 7.94180090e-01 7.94180090e-01
