0 6.35000000e-06 7.93543373e-01 7.93543373e-01 7.93543373e-01 7.93543373e-01
1 6.35099800e-06 7.93543373e-01 7.93543373e-01 7.93543373e-01 7.93543373e-01
2 6.35199601e-06 7.93543373e-01 7.93543373e-01 7.93543373e-01 7.93543373e-01
3 6.35299401e-06 7.93543373e-01 7.93543373e-01 7.93543373e-01 7.93543373e-01
4 6.35399202e-06 7.93543373e-01 7.93543373e-01 7.93543373e-01 7.93543373e-01
5 6.35499002e-06 7.93543373e-01 7.93543373e-01 7.93543373e-01 7.93543373e-01
6 6.35598802e-06 7.93543373e-01 7.93543373e-01 7.93543373e-01 7.93543373e-01
7 6.35698603e-06 7.93543373e-01 7.93543373e-01 7.93543373e-01 7.93543373e-01
8 6.35798403e-06 7.93543373e-01 7.93543373e-01 7.93543373e-01 7.93543373e-01
9 6.35898204e-06 7.93543373e-01 7.93543373e-01 7.93543373e-01 7.93543373e-01
10 6.35998004e-06 7.93543373e-01 7.93543373e-01 7.93543373e-01 7.93543373e-01
11 6.36097804e-06 7.93543373e-01 7.93543373e-01 7.93543373e-01 7.93543373e-01
12 6.36197605e-06 7.93543373e-01 7.93543373e-01 7.93543373e-01 7.93543373e-01
13 6.36297405e-06 7.93543373e-01 7.93543373e-01 7.93543373e-01 7.93543373e-01
14 6.36397206e-06 7.93543373e-01 7.93543373e-01 7.93543373e-01 7.93543373e-01
15 6.36497006e-06 7.93543373e-01 7.93543373e-01 7.93543373e-01 7.93543373e-01
16 6.36596806e-06 7.93543373e-01 7.93543373e-01 7.93543373e-01 7.93543373e-01
17 6.36696607e-06 7.93543373e-01 7.93543373e-01 7.93543373e-01 7.93543373e-01
18 6.36796407e-06 7.93543373e-01 7.93543373e-01 7.93543373e-01 7.93543373e-01
19 6.36896208e-06 7.93543373e-01 7.93543373e-01 7.93543373e-01 7.93543373e-01
20 6.36996008e-06 7.93543373e-01 7.93543373e-01 7.93543373e-01 7.93543373e-01
21 6.37095808e-06 7.93543373e-01 7.93543373e-01 7.93543373e-01 7.93543373e-01
22 6.37195609e-06 7.93543373e-01 7.93543373e-01 7.93543373e-01 7.93543373e-01
23 6.37295409e-06 7.93543373e-01 7.93543373e-01 7.93543373e-01 7.93543373e-01
24 6.37395210e-06 7.93543373e-01 7.93543373e-01 7.93543373e-01 7.93543373e-01
25 6.37495010e-06 7.93543373e-01 7.93543373e-01 7.93543373e-01 7.93543373e-01
26 6.37594810e-06 7.93543373e-01 7.93543373e-01 7.93543373e-01 7.93543373e-01
27 6.37694611e-06 7.93543373e-01 7.93543373e-01 7.93543373e-01 7.93543373e-01
28 6.37794411e-06 7.93543373e-01 7.93543373e-01 7.93543373e-01 7.93543373e-01
29 6.37894212e-06 7.93543373e-01 7.93543373e-01 7.93543373e-01 7.93543373e-01
30 6.37994012e-06 7.93543373e-01 7.93543373e-01 7.93543373e-01 7.93543373e-01
31 6.38093812e-06 7.93543373e-01 7.93543373e-01 7.93543373e-01 7.93543373e-01
32 6.38193613e-06 7.93543373e-01 7.93543373e-01 7.93543373e-01 7.93543373e-01
33 6.38293413e-06 7.93543373e-01 7.93543373e-01 7.93543373e-01 7.93543373e-01
34 6.38393214e-06 7.93543373e-01 7.93543373e-01 7.93543373e-01 7.93543373e-01
35 6.38493014e-06 7.93543373e-01 7.93543373e-01 7.93543373e-01 7.93543373e-01
36 6.38592814e-06 7.93543373e-01 7.93543373e-01 7.93543373e-01 7.93543373e-01
37 6.38692615e-06 7.93543373e-01 7.93543373e-01 7.93543373e-01 7.93543373e-01
38 6.38792415e-06 7.93543373e-01 7.93543373e-01 7.93543373e-01 7.93543373e-01
39 6.38892216e-06 7.93543373e-01 7.93543373e-01 7.93543373e-01 7.93543373e-01
40 6.38992016e-06 7.93543373e-01 7.93543373e-01 7.93543373e-01 7.93543373e-01
41 6.39091816e-06 7.93543373e-01 7.93543373e-01 7.93543373e-01 7.93543373e-01
42 6.39191617e-06 7.93543373e-01 7.93543373e-01 7.93543373e-01 7.93543373e-01
43 6.39291417e-06 7.93543373e-01 7.93543373e-01 7.93543373e-01 7.93543373e-01
44 6.39391218e-06 7.93543373e-01 7.93543373e-01 7.93543373e-01 7.93543373e-01
45 6.39491018e-06 7.93543373e-01 7.93543373e-01 7.93543373e-01 7.93543373e-01
46 6.39590818e-06 7.93543373e-01 7.93543373e-01 7.93543373e-01 7.93543373e-01
47 6.39690619e-06 7.93543373e-01 7.93543373e-01 7.93543373e-01 7.93543373e-01
48 6.39790419e-06 7.93543373e-01 7.93543373e-01 7.93543373e-01 7.93543373e-01
49 6.39890220e-06 7.93543373e-01 7.93543373e-01 7.93543373e-01 7.93543373e-01
50 6.39990020e-06 7.93543373e-01 7.93543373e-01 7.93543373e-01 7.93543373e-01
51 6.40089820e-06 7.93543373e-01 7.93543373e-01 7.93543373e-01 7.93543373e-01
52 6.40189621e-06 7.93543373e-01 7.93543373e-01 7.93543373e-01 7.93543373e-01
53 6.40289421e-06 7.93543373e-01 7.93543373e-01 7.93543373e-01 7.93543373e-01
54 6.40389222e-06 7.93543373e-01 7.93543373e-01 7.93543373e-01 7.93543373e-01
55 6.40489022e-06 7.93543373e-01 7.93543373e-01 7.93543373e-01 7.93543373e-01
56 6.40588822e-06 7.93543373e-01 7.93543373e-01 7.93543373e-01 7.93543373e-01
57 6.40688623e-06 7.93543373e-01 7.93543373e-01 7.93543373e-01 7.93543373e-01
58 6.40788423e-06 7.93543373e-01 7.93543373e-01 7.93543373e-01 7.93543373e-01
59 6.40888224e-06 7.93543373e-01 7.93543373e-01 7.93543373e-01 7.93543373e-01
60 6.40988024e-06 7.93543373e-01 7.93543373e-01 7.93543373e-01 7.93543373e-01
61 6.41087824e-06 7.93543373e-01 7.93543373e-01 7.93543373e-01 7.93543373e-01
62 6.41187625e-06 7.93543373e-01 7.93543373e-01 7.93543373e-01 7.93543373e-01
63 6.41287425e-06 7.93543373e-01 7.93543373e-01 7.93543373e-01 7.93543373e-01
64 6.41387226e-06 7.93543373e-01 7.93543373e-01 7.93543373e-01 7.93543373e-01
65 6.41487026e-06 7.93543373e-01 7.93543373e-01 7.93543373e-01 7.93543373e-01
66 6.41586826e-06 7.93543373e-01 7.93543373e-01 7.93543373e-01 7.93543373e-01
67 6.41686627e-06 7.93543373e-01 7.93543373e-01 7.93543373e-01 7.93543373e-01
68 6.41786427e-06 7.93543373e-01 7.93543373e-01 7.93543373e-01 7.93543373e-01
69 6.41886228e-06 7.93543373e-01 7.93543373e-01 7.93543373e-01 7.93543373e-01
70 6.41986028e-06 7.93543373e-01 7.93543373e-01 7.93543373e-01 7.93543373e-01
71 6.42085828e-06 7.93543373e-01 7.93543373e-01 7.93543373e-01 7.93543373e-01
72 6.42185629e-06 7.93543373e-01 7.93543373e-01 7.93543373e-01 7.93543373e-01
73 6.42285429e-06 7.93543373e-01 7.93543373e-01 7.93543373e-01 7.93543373e-01
74 6.42385230e-06 7.93543373e-01 7.93543373e-01 7.93543373e-01 7.93543373e-01
75 6.42485030e-06 7.93543373e-01 7.93543373e-01 7.93543373e-01 7.93543373e-01
76 6.42584830e-06 7.93543373e-01 7.93543373e-01 7.93543373e-01 7.93543373e-01
77 6.42684631e-06 7.93543373e-01 7.93543373e-01 7.93543373e-01 7.93543373e-01
78 6.42784431e-06 7.93543373e-01 7.93543373e-01 7.93543373e-01 7.93543373e-01
79 6.42884232e-06 7.93543373e-01 7.93543373e-01 7.93543373e-01 7.93543373e-01
80 6.42984032e-06 7.93543373e-01 7.93543373e-01 7.93543373e-01 7.93543373e-01
81 6.43083832e-06 7.93543373e-01 7.93543373e-01 7.93543373e-01 7.93543373e-01
82 6.43183633e-06 7.93543373e-01 7.93543373e-01 7.93543373e-01 7.93543373e-01
83 6.43283433e-06 7.93543373e-01 7.93543373e-01 7.93543373e-01 7.93543373e-01
84 6.43383234e-06 7.93543373e-01 7.93543373e-01 7.93543373e-01 7.93543373e-01
85 6.43483034e-06 7.93543373e-01 7.93543373e-01 7.93543373e-01 7.93543373e-01
86 6.43582834e-06 7.93543373e-01 7.93543373e-01 7.93543373e-01 7.93543373e-01
87 6.43682635e-06 7.93543373e-01 7.93543373e-01 7.93543373e-01 7.93543373e-01
88 6.43782435e-06 7.93543373e-01 7.93543373e-01 7.93543373e-01 7.93543373e-01
89 6.43882236e-06 7.93543373e-01 7.93543373e-01 7.93543373e-01 7.93543373e-01
90 6.43982036e-06 7.93543373e-01 7.93543373e-01 7.93543373e-01 7.93543373e-01
91 6.44081836e-06 7.93543373e-01 7.93543373e-01 7.93543373e-01 7.93543373e-01
92 6.44181637e-06 7.93543373e-01 7.93543373e-01 7.93543373e-01 7.93543373e-01
93 6.44281437e-06 7.93543373e-01 7.93543373e-01 7.93543373e-01 7.93543373e-01
94 6.44381238e-06 7.93543373e-01 7.93543373e-01 7.93543373e-01 7.93543373e-01
95 6.44481038e-06 7.93543373e-01 7.93543373e-01 7.93543373e-01 7.93543373e-01
96 6.44580838e-06 7.93543373e-01 7.93543373e-01 7.93543373e-01 7.93543373e-01
97 6.44680639e-06 7.93543373e-01 7.93543373e-01 7.93543373e-01 7.93543373e-01
98 6.44780439e-06 7.93543373e-01 7.93543373e-01 7.93543373e-01 7.93543373e-01
99 6.44880240e-06 7.93543373e-01 7.93543373e-01 7.93543373e-01 7.93543373e-01
100 6.44980040e-06 7.93543373e-01 7.93543373e-01 7.93543373e-01 7.93543373e-01
101 6.45079840e-06 7.93543373e-01 7.93543373e-01 7.93543373e-01 7.93543373e-01
102 6.45179641e-06 7.93543373e-01 7.93543373e-01 7.93543373e-01 7.93543373e-01
103 6.45279441e-06 7.93543373e-01 7.93543373e-01 7.93543373e-01 7.93543373e-01
104 6.45379242e-06 7.93543373e-01 7.93543373e-01 7.93543373e-01 7.93543373e-01
105 6.45479042e-06 7.93543373e-01 7.93543373e-01 7.93543373e-01 7.93543373e-01
106 6.45578842e-06 7.93543373e-01 7.93543373e-01 7.93543373e-01 7.93543373e-01
107 6.45678643e-06 7.93543373e-01 7.93543373e-01 7.93543373e-01 7.93543373e-01
108 6.45778443e-06 7.93543373e-01 7.93543373e-01 7.93543373e-01 7.93543373e-01
109 6.45878244e-06 7.93543373e-01 7.93543373e-01 7.93543373e-01 7.93543373e-01
110 6.45978044e-06 7.93543373e-01 7.93543373e-01 7.93543373e-01 7.93543373e-01
111 6.46077844e-06 8.04855194e-01 8.04855194e-01 8.04855194e-01 8.04855194e-01
112 6.46177645e-06 8.16229285e-01 8.16229285e-01 8.16229285e-01 8.16229285e-01
113 6.46277445e-06 8.36278118e-01 8.36278118e-01 8.36278118e-01 8.36278118e-01
114 6.46377246e-06 8.80590170e-01 8.80590170e-01 8.80590170e-01 8.80590170e-01
115 6.46477046e-06 9.52913936e-01 9.52913936e-01 9.52913936e-01 9.52913936e-01
116 6.46576846e-06 1.07828246e+00 1.07828246e+00 1.07828246e+00 1.07828246e+00
117 6.46676647e-06 1.31281608e+00 1.31281608e+00 1.31281608e+00 1.31281608e+00
118 6.46776447e-06 1.69020837e+00 1.69020837e+00 1.69020837e+00 1.69020837e+00
119 6.46876248e-06 2.32105430e+00 2.32105430e+00 2.32105430e+00 2.32105430e+00
120 6.46976048e-06 3.35443656e+00 3.35443656e+00 3.35443656e+00 3.35443656e+00
121 6.47075848e-06 5.02280210e+00 5.02280210e+00 5.02280210e+00 5.02280210e+00
122 6.47175649e-06 7.67561670e+00 7.67561670e+00 7.67561670e+00 7.67561670e+00
123 6.47275449e-06 1.18287640e+01 1.18287640e+01 1.18287640e+01 1.18287640e+01
124 6.47375250e-06 1.82299142e+01 1.82299142e+01 1.82299142e+01 1.82299142e+01
125 6.47475050e-06 2.79434910e+01 2.79434910e+01 2.79434910e+01 2.79434910e+01
126 6.47574850e-06 4.24554524e+01 4.24554524e+01 4.24554524e+01 4.24554524e+01
127 6.47674651e-06 6.38002018e+01 6.38002018e+01 6.38002018e+01 6.38002018e+01
128 6.47774451e-06 9.47076864e+01 9.47076864e+01 9.47076864e+01 9.47076864e+01
129 6.47874251e-06 1.38767306e+02 1.38767306e+02 1.38767306e+02 1.38767306e+02
130 6.47974052e-06 2.00594655e+02 2.00594655e+02 2.00594655e+02 2.00594655e+02
131 6.48073852e-06 2.85999764e+02 2.85999764e+02 2.85999764e+02 2.85999764e+02
132 6.48173653e-06 4.02123031e+02 4.02123031e+02 4.02123031e+02 4.02123031e+02
133 6.48273453e-06 5.57523412e+02 5.57523412e+02 5.57523412e+02 5.57523412e+02
134 6.48373253e-06 7.62183659e+02 7.62183659e+02 7.62183659e+02 7.62183659e+02
135 6.48473054e-06 1.02741760e+03 1.02741760e+03 1.02741760e+03 1.02741760e+03
136 6.48572854e-06 1.36561659e+03 1.36561659e+03 1.36561659e+03 1.36561659e+03
137 6.48672655e-06 1.78983105e+03 1.78983105e+03 1.78983105e+03 1.78983105e+03
138 6.48772455e-06 2.31317728e+03 2.31317728e+03 2.31317728e+03 2.31317728e+03
139 6.48872255e-06 2.94803228e+03 2.94803228e+03 2.94803228e+03 2.94803228e+03
140 6.48972056e-06 3.70506600e+03 3.70506600e+03 3.70506600e+03 3.70506600e+03
141 6.49071856e-06 4.59211247e+03 4.59211247e+03 4.59211247e+03 4.59211247e+03
142 6.49171657e-06 5.61300570e+03 5.61300570e+03 5.61300570e+03 5.61300570e+03
143 6.49271457e-06 6.76641060e+03 6.76641060e+03 6.76641060e+03 6.76641060e+03
144 6.49371257e-06 8.04477992e+03 8.04477992e+03 8.04477992e+03 8.04477992e+03
145 6.49471058e-06 9.43356862e+03 9.43356862e+03 9.43356862e+03 9.43356862e+03
146 6.49570858e-06 1.09108188e+04 1.09108188e+04 1.09108188e+04 1.09108188e+04
147 6.49670659e-06 1.24472258e+04 1.24472258e+04 1.24472258e+04 1.24472258e+04
148 6.49770459e-06 1.40067661e+04 1.40067661e+04 1.40067661e+04 1.40067661e+04
149 6.49870259e-06 1.55479229e+04 1.55479229e+04 1.55479229e+04 1.55479229e+04
150 6.49970060e-06 1.70254912e+04 1.70254912e+04 1.70254912e+04 1.70254912e+04
151 6.50069860e-06 1.83928868e+04 1.83928868e+04 1.83928868e+04 1.83928868e+04
152 6.50169661e-06 1.96048042e+04 1.96048042e+04 1.96048042e+04 1.96048042e+04
153 6.50269461e-06 2.06200656e+04 2.06200656e+04 2.06200656e+04 2.06200656e+04
154 6.50369261e-06 2.14043921e+04 2.14043921e+04 2.14043921e+04 2.14043921e+04
155 6.50469062e-06 2.19328836e+04 2.19328836e+04 2.19328836e+04 2.19328836e+04
156 6.50568862e-06 2.21919602e+04 2.21919602e+04 2.21919602e+04 2.21919602e+04
157 6.50668663e-06 2.21805786e+04 2.21805786e+04 2.21805786e+04 2.21805786e+04
158 6.50768463e-06 2.19105792e+04 2.19105792e+04 2.19105792e+04 2.19105792e+04
159 6.50868263e-06 2.14061098e+04 2.14061098e+04 2.14061098e+04 2.14061098e+04
160 6.50968064e-06 2.07021497e+04 2.07021497e+04 2.07021497e+04 2.07021497e+04
161 6.51067864e-06 1.98422469e+04 1.98422469e+04 1.98422469e+04 1.98422469e+04
162 6.51167665e-06 1.88756477e+04 1.88756477e+04 1.88756477e+04 1.88756477e+04
163 6.51267465e-06 1.78540613e+04 1.78540613e+04 1.78540613e+04 1.78540613e+04
164 6.51367265e-06 1.68283210e+04 1.68283210e+04 1.68283210e+04 1.68283210e+04
165 6.51467066e-06 1.58452106e+04 1.58452106e+04 1.58452106e+04 1.58452106e+04
166 6.51566866e-06 1.49447004e+04 1.49447004e+04 1.49447004e+04 1.49447004e+04
167 6.51666667e-06 1.41577863e+04 1.41577863e+04 1.41577863e+04 1.41577863e+04
168 6.51766467e-06 1.35050692e+04 1.35050692e+04 1.35050692e+04 1.35050692e+04
169 6.51866267e-06 1.29961386e+04 1.29961386e+04 1.29961386e+04 1.29961386e+04
170 6.51966068e-06 1.26297561e+04 1.26297561e+04 1.26297561e+04 1.26297561e+04
171 6.52065868e-06 1.23947737e+04 1.23947737e+04 1.23947737e+04 1.23947737e+04
172 6.52165669e-06 1.22716674e+04 1.22716674e+04 1.22716674e+04 1.22716674e+04
173 6.52265469e-06 1.22345323e+04 1.22345323e+04 1.22345323e+04 1.22345323e+04
174 6.52365269e-06 1.22533634e+04 1.22533634e+04 1.22533634e+04 1.22533634e+04
175 6.52465070e-06 1.22964390e+04 1.22964390e+04 1.22964390e+04 1.22964390e+04
176 6.52564870e-06 1.23326328e+04 1.23326328e+04 1.23326328e+04 1.23326328e+04
177 6.52664671e-06 1.23334958e+04 1.23334958e+04 1.23334958e+04 1.23334958e+04
178 6.52764471e-06 1.22749816e+04 1.22749816e+04 1.22749816e+04 1.22749816e+04
179 6.52864271e-06 1.21387182e+04 1.21387182e+04 1.21387182e+04 1.21387182e+04
180 6.52964072e-06 1.19127720e+04 1.19127720e+04 1.19127720e+04 1.19127720e+04
181 6.53063872e-06 1.15918896e+04 1.15918896e+04 1.15918896e+04 1.15918896e+04
182 6.53163673e-06 1.11772414e+04 1.11772414e+04 1.11772414e+04 1.11772414e+04
183 6.53263473e-06 1.06757323e+04 1.06757323e+04 1.06757323e+04 1.06757323e+04
184 6.53363273e-06 1.00989686e+04 1.00989686e+04 1.00989686e+04 1.00989686e+04
185 6.53463074e-06 9.46199756e+03 9.46199756e+03 9.46199756e+03 9.46199756e+03
186 6.53562874e-06 8.78194244e+03 8.78194244e+03 8.78194244e+03 8.78194244e+03
187 6.53662675e-06 8.07665378e+03 8.07665378e+03 8.07665378e+03 8.07665378e+03
188 6.53762475e-06 7.36348703e+03 7.36348703e+03 7.36348703e+03 7.36348703e+03
189 6.53862275e-06 6.65829074e+03 6.65829074e+03 6.65829074e+03 6.65829074e+03
190 6.53962076e-06 5.97466166e+03 5.97466166e+03 5.97466166e+03 5.97466166e+03
191 6.54061876e-06 5.32348988e+03 5.32348988e+03 5.32348988e+03 5.32348988e+03
192 6.54161677e-06 4.71278623e+03 4.71278623e+03 4.71278623e+03 4.71278623e+03
193 6.54261477e-06 4.14775756e+03 4.14775756e+03 4.14775756e+03 4.14775756e+03
194 6.54361277e-06 3.63107264e+03 3.63107264e+03 3.63107264e+03 3.63107264e+03
195 6.54461078e-06 3.16328038e+03 3.16328038e+03 3.16328038e+03 3.16328038e+03
196 6.54560878e-06 2.74324881e+03 2.74324881e+03 2.74324881e+03 2.74324881e+03
197 6.54660679e-06 2.36865964e+03 2.36865964e+03 2.36865964e+03 2.36865964e+03
198 6.54760479e-06 2.03645172e+03 2.03645172e+03 2.03645172e+03 2.03645172e+03
199 6.54860279e-06 1.74317160e+03 1.74317160e+03 1.74317160e+03 1.74317160e+03
200 6.54960080e-06 1.48526140e+03 1.48526140e+03 1.48526140e+03 1.48526140e+03
201 6.55059880e-06 1.25929184e+03 1.25929184e+03 1.25929184e+03 1.25929184e+03
202 6.55159681e-06 1.06201014e+03 1.06201014e+03 1.06201014e+03 1.06201014e+03
203 6.55259481e-06 8.90453824e+02 8.90453824e+02 8.90453824e+02 8.90453824e+02
204 6.55359281e-06 7.41933426e+02 7.41933426e+02 7.41933426e+02 7.41933426e+02
205 6.55459082e-06 6.14017854e+02 6.14017854e+02 6.14017854e+02 6.14017854e+02
206 6.55558882e-06 5.04499840e+02 5.04499840e+02 5.04499840e+02 5.04499840e+02
207 6.55658683e-06 4.11360448e+02 4.11360448e+02 4.11360448e+02 4.11360448e+02
208 6.55758483e-06 3.32738041e+02 3.32738041e+02 3.32738041e+02 3.32738041e+02
209 6.55858283e-06 2.66906767e+02 2.66906767e+02 2.66906767e+02 2.66906767e+02
210 6.55958084e-06 2.12263414e+02 2.12263414e+02 2.12263414e+02 2.12263414e+02
211 6.56057884e-06 1.67321950e+02 1.67321950e+02 1.67321950e+02 1.67321950e+02
212 6.56157685e-06 1.30712886e+02 1.30712886e+02 1.30712886e+02 1.30712886e+02
213 6.56257485e-06 1.01187103e+02 1.01187103e+02 1.01187103e+02 1.01187103e+02
214 6.56357285e-06 7.76155995e+01 7.76155995e+01 7.76155995e+01 7.76155995e+01
215 6.56457086e-06 5.89931609e+01 5.89931609e+01 5.89931609e+01 5.89931609e+01
216 6.56556886e-06 4.44364198e+01 4.44364198e+01 4.44364198e+01 4.44364198e+01
217 6.56656687e-06 3.31819505e+01 3.31819505e+01 3.31819505e+01 3.31819505e+01
218 6.56756487e-06 2.45743083e+01 2.45743083e+01 2.45743083e+01 2.45743083e+01
219 6.56856287e-06 1.80650506e+01 1.80650506e+01 1.80650506e+01 1.80650506e+01
220 6.56956088e-06 1.32000934e+01 1.32000934e+01 1.32000934e+01 1.32000934e+01
221 6.57055888e-06 9.60465477e+00 9.60465477e+00 9.60465477e+00 9.60465477e+00
222 6.57155689e-06 6.97833467e+00 6.97833467e+00 6.97833467e+00 6.97833467e+00
223 6.57255489e-06 5.08031906e+00 5.08031906e+00 5.08031906e+00 5.08031906e+00
224 6.57355289e-06 3.73135856e+00 3.73135856e+00 3.73135856e+00 3.73135856e+00
225 6.57455090e-06 2.78315449e+00 2.78315449e+00 2.78315449e+00 2.78315449e+00
226 6.57554890e-06 2.12405990e+00 2.12405990e+00 2.12405990e+00 2.12405990e+00
227 6.57654691e-06 1.67193370e+00 1.67193370e+00 1.67193370e+00 1.67193370e+00
228 6.57754491e-06 1.36591598e+00 1.36591598e+00 1.36591598e+00 1.36591598e+00
229 6.57854291e-06 1.16159267e+00 1.16159267e+00 1.16159267e+00 1.16159267e+00
230 6.57954092e-06 1.02704216e+00 1.02704216e+00 1.02704216e+00 1.02704216e+00
231 6.58053892e-06 9.39671814e-01 9.39671814e-01 9.39671814e-01 9.39671814e-01
232 6.58153693e-06 8.83738102e-01 8.83738102e-01 8.83738102e-01 8.83738102e-01
233 6.58253493e-06 8.48441003e-01 8.48441003e-01 8.48441003e-01 8.48441003e-01
234 6.58353293e-06 8.25393394e-01 8.25393394e-01 8.25393394e-01 8.25393394e-01
235 6.58453094e-06 8.12471746e-01 8.12471746e-01 8.12471746e-01 8.12471746e-01
236 6.58552894e-06 8.04625110e-01 8.04625110e-01 8.04625110e-01 8.04625110e-01
237 6.58652695e-06 7.99934442e-01 7.99934442e-01 7.99934442e-01 7.99934442e-01
238 6.58752495e-06 7.96957332e-01 7.96957332e-01 7.96957332e-01 7.96957332e-01
239 6.58852295e-06 7.95463809e-01 7.95463809e-01 7.95463809e-01 7.95463809e-01
240 6.58952096e-06 7.94606951e-01 7.94606951e-01 7.94606951e-01 7.94606951e-01
241 6.59051896e-06 7.94123291e-01 7.94123291e-01 7.94123291e-01 7.94123291e-01
242 6.59151697e-06 7.93854682e-01 7.93854682e-01 7.93854682e-01 7.93854682e-01
243 6.59251497e-06 7.93707903e-01 7.93707903e-01 7.93707903e-01 7.93707903e-01
244 6.59351297e-06 7.93543373e-01 7.93543373e-01 7.93543373e-01 7.93543373e-01
245 6.59451098e-06 7.93543373e-01 7.93543373e-01 7.93543373e-01 7.93543373e-01
246 6.59550898e-06 7.93543373e-01 7.93543373e-01 7.93543373e-01 7.93543373e-01
247 6.59650699e-06 7.93543373e-01 7.93543373e-01 7.93543373e-01 7.93543373e-01
248 6.59750499e-06 7.93543373e-01 7.93543373e-01 7.93543373e-01 7.93543373e-01
249 6.59850299e-06 7.93543373e-01 7.93543373e-01 7.93543373e-01 7.93543373e-01
250 6.59950100e-06 7.93543373e-01 7.93543373e-01 7.93543373e-01 7.93543373e-01
251 6.60049900e-06 7.93543373e-01 7.93543373e-01 7.93543373e-01 7.93543373e-01
252 6.60149701e-06 7.93543373e-01 7.93543373e-01 7.93543373e-01 7.93543373e-01
253 6.60249501e-06 7.93543373e-01 7.93543373e-01 7.93543373e-01 7.93543373e-01
254 6.60349301e-06 7.93543373e-01 7.93543373e-01 7.93543373e-01 7.93543373e-01
255 6.60449102e-06 7.93543373e-01 7.93543373e-01 7.93543373e-01 7.93543373e-01
256 6.60548902e-06 7.93543373e-01 7.93543373e-01 7.93543373e-01 7.93543373e-01
257 6.60648703e-06 7.93543373e-01 7.93543373e-01 7.93543373e-01 7.93543373e-01
258 6.60748503e-06 7.93543373e-01 7.93543373e-01 7.93543373e-01 7.93543373e-01
259 6.60848303e-06 7.93543373e-01 7.93543373e-01 7.93543373e-01 7.93543373e-01
260 6.60948104e-06 7.93543373e-01 7.93543373e-01 7.93543373e-01 7.93543373e-01
261 6.61047904e-06 7.93543373e-01 7.93543373e-01 7.93543373e-01 7.93543373e-01
262 6.61147705e-06 7.93543373e-01 7.93543373e-01 7.93543373e-01 7.93543373e-01
263 6.61247505e-06 7.93543373e-01 7.93543373e-01 7.93543373e-01 7.93543373e-01
264 6.61347305e-06 7.93543373e-01 7.93543373e-01 7.93543373e-01 7.93543373e-01
265 6.61447106e-06 7.93543373e-01 7.93543373e-01 7.93543373e-01 7.93543373e-01
266 6.61546906e-06 7.93543373e-01 7.93543373e-01 7.93543373e-01 7.93543373e-01
267 6.61646707e-06 7.93543373e-01 7.93543373e-01 7.93543373e-01 7.93543373e-01
268 6.61746507e-06 7.93543373e-01 7.93543373e-01 7.93543373e-01 7.93543373e-01
269 6.61846307e-06 7.93543373e-01 7.93543373e-01 7.93543373e-01 7.93543373e-01
270 6.61946108e-06 7.93543373e-01 7.93543373e-01 7.93543373e-01 7.93543373e-01
271 6.62045908e-06 7.93543373e-01 7.93543373e-01 7.93543373e-01 7.93543373e-01
272 6.62145709e-06 7.93543373e-01 7.93543373e-01 7.93543373e-01 7.93543373e-01
273 6.62245509e-06 7.93543373e-01 7.93543373e-01 7.93543373e-01 7.93543373e-01
274 6.62345309e-06 7.93543373e-01 7.93543373e-01 7.93543373e-01 7.93543373e-01
275 6.62445110e-06 7.93543373e-01 7.93543373e-01 7.93543373e-01 7.93543373e-01
276 6.62544910e-06 7.93543373e-01 7.93543373e-01 7.93543373e-01 7.93543373e-01
277 6.62644711e-06 7.93543373e-01 7.93543373e-01 7.93543373e-01 7.93543373e-01
278 6.62744511e-06 7.93543373e-01 7.93543373e-01 7.93543373e-01 7.93543373e-01
279 6.62844311e-06 7.93543373e-01 7.93543373e-01 7.93543373e-01 7.93543373e-01
280 6.62944112e-06 7.93543373e-01 7.93543373e-01 7.93543373e-01 7.93543373e-01
281 6.63043912e-06 7.93543373e-01 7.93543373e-01 7.93543373e-01 7.93543373e-01
282 6.63143713e-06 7.93543373e-01 7.93543373e-01 7.93543373e-01 7.93543373e-01
283 6.63243513e-06 7.93543373e-01 7.93543373e-01 7.93543373e-01 7.93543373e-01
284 6.63343313e-06 7.93543373e-01 7.93543373e-01 7.93543373e-01 7.93543373e-01
285 6.63443114e-06 7.93543373e-01 7.93543373e-01 7.93543373e-01 7.93543373e-01
286 6.63542914e-06 7.93543373e-01 7.93543373e-01 7.93543373e-01 7.93543373e-01
287 6.63642715e-06 7.93543373e-01 7.93543373e-01 7.93543373e-01 7.93543373e-01
288 6.63742515e-06 7.93543373e-01 7.93543373e-01 7.93543373e-01 7.93543373e-01
289 6.63842315e-06 7.93543373e-01 7.93543373e-01 7.93543373e-01 7.93543373e-01
290 6.63942116e-06 7.93543373e-01 7.93543373e-01 7.93543373e-01 7.93543373e-01
291 6.64041916e-06 7.93543373e-01 7.93543373e-01 7.93543373e-01 7.93543373e-01
292 6.64141717e-06 7.93543373e-01 7.93543373e-01 7.93543373e-01 7.93543373e-01
293 6.64241517e-06 7.93543373e-01 7.93543373e-01 7.93543373e-01 7.93543373e-01
294 6.64341317e-06 7.93543373e-01 7.93543373e-01 7.93543373e-01 7.93543373e-01
295 6.64441118e-06 7.93543373e-01 7.93543373e-01 7.93543373e-01 7.93543373e-01
296 6.64540918e-06 7.93543373e-01 7.93543373e-01 7.93543373e-01 7.93543373e-01
297 6.64640719e-06 7.93543373e-01 7.93543373e-01 7.93543373e-01 7.93543373e-01
298 6.64740519e-06 7.93543373e-01 7.93543373e-01 7.93543373e-01 7.93543373e-01
299 6.64840319e-06 7.93543373e-01 7.93543373e-01 7.93543373e-01 7.93543373e-01
300 6.64940120e-06 7.93543373e-01 7.93543373e-01 7.93543373e-01 7.93543373e-01
301 6.65039920e-06 7.93543373e-01 7.93543373e-01 7.93543373e-01 7.93543373e-01
302 6.65139721e-06 7.93543373e-01 7.93543373e-01 7.93543373e-01 7.93543373e-01
303 6.65239521e-06 7.93543373e-01 7.93543373e-01 7.93543373e-01 7.93543373e-01
304 6.65339321e-06 7.93543373e-01 7.93543373e-01 7.93543373e-01 7.93543373e-01
305 6.65439122e-06 7.93543373e-01 7.93543373e-01 7.93543373e-01 7.93543373e-01
306 6.65538922e-06 7.93543373e-01 7.93543373e-01 7.93543373e-01 7.93543373e-01
307 6.65638723e-06 7.93543373e-01 7.93543373e-01 7.93543373e-01 7.93543373e-01
308 6.65738523e-06 7.93543373e-01 7.93543373e-01 7.93543373e-01 7.93543373e-01
309 6.65838323e-06 7.93543373e-01 7.93543373e-01 7.93543373e-01 7.93543373e-01
310 6.65938124e-06 7.93543373e-01 7.93543373e-01 7.93543373e-01 7.93543373e-01
311 6.66037924e-06 7.93543373e-01 7.93543373e-01 7.93543373e-01 7.93543373e-01
312 6.66137725e-06 7.93543373e-01 7.93543373e-01 7.93543373e-01 7.93543373e-01
313 6.66237525e-06 7.93543373e-01 7.93543373e-01 7.93543373e-01 7.93543373e-01
314 6.66337325e-06 7.93543373e-01 7.93543373e-01 7.93543373e-01 7.93543373e-01
315 6.66437126e-06 7.93543373e-01 7.93543373e-01 7.93543373e-01 7.93543373e-01
316 6.66536926e-06 7.93543373e-01 7.93543373e-01 7.93543373e-01 7.93543373e-01
317 6.66636727e-06 7.93543373e-01 7.93543373e-01 7.93543373e-01 7.93543373e-01
318 6.66736527e-06 7.93543373e-01 7.93543373e-01 7.93543373e-01 7.93543373e-01
319 6.66836327e-06 7.93543373e-01 7.93543373e-01 7.93543373e-01 7.93543373e-01
320 6.66936128e-06 7.93543373e-01 7.93543373e-01 7.93543373e-01 7.93543373e-01
321 6.67035928e-06 7.93543373e-01 7.93543373e-01 7.93543373e-01 7.93543373e-01
322 6.67135729e-06 7.93543373e-01 7.93543373e-01 7.93543373e-01 7.93543373e-01
323 6.67235529e-06 7.93543373e-01 7.93543373e-01 7.93543373e-01 7.93543373e-01
324 6.67335329e-06 7.93543373e-01 7.93543373e-01 7.93543373e-01 7.93543373e-01
325 6.67435130e-06 7.93543373e-01 7.93543373e-01 7.93543373e-01 7.93543373e-01
326 6.67534930e-06 7.93543373e-01 7.93543373e-01 7.93543373e-01 7.93543373e-01
327 6.67634731e-06 7.93543373e-01 7.93543373e-01 7.93543373e-01 7.93543373e-01
328 6.67734531e-06 7.93543373e-01 7.93543373e-01 7.93543373e-01 7.93543373e-01
329 6.67834331e-06 7.93543373e-01 7.93543373e-01 7.93543373e-01 7.93543373e-01
330 6.67934132e-06 7.93543373e-01 7.93543373e-01 7.93543373e-01 7.93543373e-01
331 6.68033932e-06 7.93543373e-01 7.93543373e-01 7.93543373e-01 7.93543373e-01
332 6.68133733e-06 7.93543373e-01 7.93543373e-01 7.93543373e-01 7.93543373e-01
333 6.68233533e-06 7.93543373e-01 7.93543373e-01 7.93543373e-01 7.93543373e-01
334 6.68333333e-06 7.93543373e-01 7.93543373e-01 7.93543373e-01 7.93543373e-01
335 6.68433134e-06 7.93543373e-01 7.93543373e-01 7.93543373e-01 7.93543373e-01
336 6.68532934e-06 7.93543373e-01 7.93543373e-01 7.93543373e-01 7.93543373e-01
337 6.68632735e-06 7.93543373e-01 7.93543373e-01 7.93543373e-01 7.93543373e-01
338 6.68732535e-06 7.93543373e-01 7.93543373e-01 7.93543373e-01 7.93543373e-01
339 6.68832335e-06 7.93543373e-01 7.93543373e-01 7.93543373e-01 7.93543373e-01
340 6.68932136e-06 7.93543373e-01 7.93543373e-01 7.93543373e-01 7.93543373e-01
341 6.69031936e-06 7.93543373e-01 7.93543373e-01 7.93543373e-01 7.93543373e-01
342 6.69131737e-06 7.93543373e-01 7.93543373e-01 7.93543373e-01 7.93543373e-01
343 6.69231537e-06 7.93543373e-01 7.93543373e-01 7.93543373e-01 7.93543373e-01
344 6.69331337e-06 7.93543373e-01 7.93543373e-01 7.93543373e-01 7.93543373e-01
345 6.69431138e-06 7.93543373e-01 7.93543373e-01 7.93543373e-01 7.93543373e-01
346 6.69530938e-06 7.93543373e-01 7.93543373e-01 7.93543373e-01 7.93543373e-01
347 6.69630739e-06 7.93543373e-01 7.93543373e-01 7.93543373e-01 7.93543373e-01
348 6.69730539e-06 7.93543373e-01 7.93543373e-01 7.93543373e-01 7.93543373e-01
349 6.69830339e-06 7.93543373e-01 7.93543373e-01 7.93543373e-01 7.93543373e-01
350 6.69930140e-06 7.93543373e-01 7.93543373e-01 7.93543373e-01 7.93543373e-01
351 6.70029940e-06 7.93543373e-01 7.93543373e-01 7.93543373e-01 7.93543373e-01
352 6.70129741e-06 7.93543373e-01 7.93543373e-01 7.93543373e-01 7.93543373e-01
353 6.70229541e-06 7.93543373e-01 7.93543373e-01 7.93543373e-01 7.93543373e-01
354 6.70329341e-06 7.93543373e-01 7.93543373e-01 7.93543373e-01 7.93543373e-01
355 6.70429142e-06 7.93543373e-01 7.93543373e-01 7.93543373e-01 7.93543373e-01
356 6.70528942e-06 7.93543373e-01 7.93543373e-01 7.93543373e-01 7.93543373e-01
357 6.70628743e-06 7.93543373e-01 7.93543373e-01 7.93543373e-01 7.93543373e-01
358 6.70728543e-06 7.93543373e-01 7.93543373e-01 7.93543373e-01 7.93543373e-01
359 6.70828343e-06 7.93543373e-01 7.93543373e-01 7.93543373e-01 7.93543373e-01
360 6.70928144e-06 7.93543373e-01 7.93543373e-01 7.93543373e-01 7.93543373e-01
361 6.71027944e-06 7.93543373e-01 7.93543373e-01 7.93543373e-01 7.93543373e-01
362 6.71127745e-06 7.93543373e-01 7.93543373e-01 7.93543373e-01 7.93543373e-01
363 6.71227545e-06 7.93543373e-01 7.93543373e-01 7.93543373e-01 7.93543373e-01
364 6.71327345e-06 7.93543373e-01 7.93543373e-01 7.93543373e-01 7.93543373e-01
365 6.71427146e-06 7.93543373e-01 7.93543373e-01 7.93543373e-01 7.93543373e-01
366 6.71526946e-06 7.93543373e-01 7.93543373e-01 7.93543373e-01 7.93543373e-01
367 6.71626747e-06 7.93543373e-01 7.93543373e-01 7.93543373e-01 7.93543373e-01
368 6.71726547e-06 7.93543373e-01 7.93543373e-01 7.93543373e-01 7.93543373e-01
369 6.71826347e-06 7.93543373e-01 7.93543373e-01 7.93543373e-01 7.93543373e-01
370 6.71926148e-06 7.93543373e-01 7.93543373e-01 7.93543373e-01 7.93543373e-01
371 6.72025948e-06 7.93543373e-01 7.93543373e-01 7.93543373e-01 7.93543373e-01
372 6.72125749e-06 7.93543373e-01 7.93543373e-01 7.93543373e-01 7.93543373e-01
373 6.72225549e-06 7.93543373e-01 7.93543373e-01 7.93543373e-01 7.93543373e-01
374 6.72325349e-06 7.93543373e-01 7.93543373e-01 7.93543373e-01 7.93543373e-01
375 6.72425150e-06 7.93543373e-01 7.93543373e-01 7.93543373e-01 7.93543373e-01
376 6.72524950e-06 7.93543373e-01 7.93543373e-01 7.93543373e-01 7.93543373e-01
377 6.72624750e-06 7.93543373e-01 7.93543373e-01 7.93543373e-01 7.93543373e-01
378 6.72724551e-06 7.93543373e-01 7.93543373e-01 7.93543373e-01 7.93543373e-01
379 6.72824351e-06 7.93543373e-01 7.93543373e-01 7.93543373e-01 7.93543373e-01
380 6.72924152e-06 7.93543373e-01 7.93543373e-01 7.93543373e-01 7.93543373e-01
381 6.73023952e-06 7.93543373e-01 7.93543373e-01 7.93543373e-01 7.93543373e-01
382 6.73123752e-06 7.93543373e-01 7.93543373e-01 7.93543373e-01 7.93543373e-01
383 6.73223553e-06 7.93543373e-01 7.93543373e-01 7.93543373e-01 7.93543373e-01
384 6.73323353e-06 7.93543373e-01 7.93543373e-01 7.93543373e-01 7.93543373e-01
385 6.73423154e-06 7.93543373e-01 7.93543373e-01 7.93543373e-01 7.93543373e-01
386 6.73522954e-06 7.93543373e-01 7.93543373e-01 7.93543373e-01 7.93543373e-01
387 6.73622754e-06 7.93543373e-01 7.93543373e-01 7.93543373e-01 7.93543373e-01
388 6.73722555e-06 7.93543373e-01 7.93543373e-01 7.93543373e-01 7.93543373e-01
389 6.73822355e-06 7.93543373e-01 7.93543373e-01 7.93543373e-01 7.93543373e-01
390 6.73922156e-06 7.93543373e-01 7.93543373e-01 7.93543373e-01 7.93543373e-01
391 6.74021956e-06 7.93543373e-01 7.93543373e-01 7.93543373e-01 7.93543373e-01
392 6.74121756e-06 7.93543373e-01 7.93543373e-01 7.93543373e-01 7.93543373e-01
393 6.74221557e-06 7.93543373e-01 7.93543373e-01 7.93543373e-01 7.93543373e-01
394 6.74321357e-06 7.93543373e-01 7.93543373e-01 7.93543373e-01 7.93543373e-01
395 6.74421158e-06 7.93543373e-01 7.93543373e-01 7.93543373e-01 7.93543373e-01
396 6.74520958e-06 7.93543373e-01 7.93543373e-01 7.93543373e-01 7.93543373e-01
397 6.74620758e-06 7.93543373e-01 7.93543373e-01 7.93543373e-01 7.93543373e-01
398 6.74720559e-06 7.93543373e-01 7.93543373e-01 7.93543373e-01 7.93543373e-01
399 6.74820359e-06 7.93543373e-01 7.93543373e-01 7.93543373e-01 7.93543373e-01
400 6.74920160e-06 7.93543373e-01 7.93543373e-01 7.93543373e-01 7.93543373e-01
401 6.75019960e-06 7.93543373e-01 7.93543373e-01 7.93543373e-01 7.93543373e-01
402 6.75119760e-06 7.93543373e-01 7.93543373e-01 7.93543373e-01 7.93543373e-01
403 6.75219561e-06 7.93543373e-01 7.93543373e-01 7.93543373e-01 7.93543373e-01
404 6.75319361e-06 7.93543373e-01 7.93543373e-01 7.93543373e-01 7.93543373e-01
405 6.75419162e-06 7.93543373e-01 7.93543373e-01 7.93543373e-01 7.93543373e-01
406 6.75518962e-06 7.93543373e-01 7.93543373e-01 7.93543373e-01 7.93543373e-01
407 6.75618762e-06 7.93543373e-01 7.93543373e-01 7.93543373e-01 7.93543373e-01
408 6.75718563e-06 7.93543373e-01 7.93543373e-01 7.93543373e-01 7.93543373e-01
409 6.75818363e-06 7.93543373e-01 7.93543373e-01 7.93543373e-01 7.93543373e-01
410 6.75918164e-06 7.93543373e-01 7.93543373e-01 7.93543373e-01 7.93543373e-01
411 6.76017964e-06 7.93543373e-01 7.93543373e-01 7.93543373e-01 7.93543373e-01
412 6.76117764e-06 7.93543373e-01 7.93543373e-01 7.93543373e-01 7.93543373e-01
413 6.76217565e-06 7.93543373e-01 7.93543373e-01 7.93543373e-01 7.93543373e-01
414 6.76317365e-06 7.93543373e-01 7.93543373e-01 7.93543373e-01 7.93543373e-01
415 6.76417166e-06 7.93543373e-01 7.93543373e-01 7.93543373e-01 7.93543373e-01
416 6.76516966e-06 7.93543373e-01 7.93543373e-01 7.93543373e-01 7.93543373e-01
417 6.76616766e-06 7.93543373e-01 7.93543373e-01 7.93543373e-01 7.93543373e-01
418 6.76716567e-06 7.93543373e-01 7.93543373e-01 7.93543373e-01 7.93543373e-01
419 6.76816367e-06 7.93543373e-01 7.93543373e-01 7.93543373e-01 7.93543373e-01
420 6.76916168e-06 7.93543373e-01 7.93543373e-01 7.93543373e-01 7.93543373e-01
421 6.77015968e-06 7.93543373e-01 7.93543373e-01 7.93543373e-01 7.93543373e-01
422 6.77115768e-06 7.93543373e-01 7.93543373e-01 7.93543373e-01 7.93543373e-01
423 6.77215569e-06 7.93543373e-01 7.93543373e-01 7.93543373e-01 7.93543373e-01
424 6.77315369e-06 7.93543373e-01 7.93543373e-01 7.93543373e-01 7.93543373e-01
425 6.77415170e-06 7.93543373e-01 7.93543373e-01 7.93543373e-01 7.93543373e-01
426 6.77514970e-06 7.93543373e-01 7.93543373e-01 7.93543373e-01 7.93543373e-01
427 6.77614770e-06 7.93543373e-01 7.93543373e-01 7.93543373e-01 7.93543373e-01
428 6.77714571e-06 7.93543373e-01 7.93543373e-01 7.93543373e-01 7.93543373e-01
429 6.77814371e-06 7.93543373e-01 7.93543373e-01 7.93543373e-01 7.93543373e-01
430 6.77914172e-06 7.93543373e-01 7.93543373e-01 7.93543373e-01 7.93543373e-01
431 6.78013972e-06 7.93543373e-01 7.93543373e-01 7.93543373e-01 7.93543373e-01
432 6.78113772e-06 7.93543373e-01 7.93543373e-01 7.93543373e-01 7.93543373e-01
433 6.78213573e-06 7.93543373e-01 7.93543373e-01 7.93543373e-01 7.93543373e-01
434 6.78313373e-06 7.93543373e-01 7.93543373e-01 7.93543373e-01 7.93543373e-01
435 6.78413174e-06 7.93543373e-01 7.93543373e-01 7.93543373e-01 7.93543373e-01
436 6.78512974e-06 7.93543373e-01 7.93543373e-01 7.93543373e-01 7.93543373e-01
437 6.78612774e-06 7.93543373e-01 7.93543373e-01 7.93543373e-01 7.93543373e-01
438 6.78712575e-06 7.93543373e-01 7.93543373e-01 7.93543373e-01 7.93543373e-01
439 6.78812375e-06 7.93543373e-01 7.93543373e-01 7.93543373e-01 7.93543373e-01
440 6.78912176e-06 7.93543373e-01 7.93543373e-01 7.93543373e-01 7.93543373e-01
441 6.79011976e-06 7.93543373e-01 7.93543373e-01 7.93543373e-01 7.93543373e-01
442 6.79111776e-06 7.93543373e-01 7.93543373e-01 7.93543373e-01 7.93543373e-01
443 6.79211577e-06 7.93543373e-01 7.93543373e-01 7.93543373e-01 7.93543373e-01
444 6.79311377e-06 7.93543373e-01 7.93543373e-01 7.93543373e-01 7.93543373e-01
445 6.79411178e-06 7.93543373e-01 7.93543373e-01 7.93543373e-01 7.93543373e-01
446 6.79510978e-06 7.93543373e-01 7.93543373e-01 7.93543373e-01 7.93543373e-01
447 6.79610778e-06 7.93543373e-01 7.93543373e-01 7.93543373e-01 7.93543373e-01
448 6.79710579e-06 7.93543373e-01 7.93543373e-01 7.93543373e-01 7.93543373e-01
449 6.79810379e-06 7.93543373e-01 7.93543373e-01 7.93543373e-01 7.93543373e-01
450 6.79910180e-06 7.93543373e-01 7.93543373e-01 7.93543373e-01 7.93543373e-01
451 6.80009980e-06 7.93543373e-01 7.93543373e-01 7.93543373e-01 7.93543373e-01
452 6.80109780e-06 7.93543373e-01 7.93543373e-01 7.93543373e-01 7.93543373e-01
453 6.80209581e-06 7.93543373e-01 7.93543373e-01 7.93543373e-01 7.93543373e-01
454 6.80309381e-06 7.93543373e-01 7.93543373e-01 7.93543373e-01 7.93543373e-01
455 6.80409182e-06 7.93543373e-01 7.93543373e-01 7.93543373e-01 7.93543373e-01
456 6.80508982e-06 7.93543373e-01 7.93543373e-01 7.93543373e-01 7.93543373e-01
457 6.80608782e-06 7.93543373e-01 7.93543373e-01 7.93543373e-01 7.93543373e-01
458 6.80708583e-06 7.93543373e-01 7.93543373e-01 7.93543373e-01 7.93543373e-01
459 6.80808383e-06 7.93543373e-01 7.93543373e-01 7.93543373e-01 7.93543373e-01
460 6.80908184e-06 7.93543373e-01 7.93543373e-01 7.93543373e-01 7.93543373e-01
461 6.81007984e-06 7.93543373e-01 7.93543373e-01 7.93543373e-01 7.93543373e-01
462 6.81107784e-06 7.93543373e-01 7.93543373e-01 7.93543373e-01 7.93543373e-01
463 6.81207585e-06 7.93543373e-01 7.93543373e-01 7.93543373e-01 7.93543373e-01
464 6.81307385e-06 7.93543373e-01 7.93543373e-01 7.93543373e-01 7.93543373e-01
465 6.81407186e-06 7.93543373e-01 7.93543373e-01 7.93543373e-01 7.93543373e-01
466 6.81506986e-06 7.93543373e-01 7.93543373e-01 7.93543373e-01 7.93543373e-01
467 6.81606786e-06 7.93543373e-01 7.93543373e-01 7.93543373e-01 7.93543373e-01
468 6.81706587e-06 7.93543373e-01 7.93543373e-01 7.93543373e-01 7.93543373e-01
469 6.81806387e-06 7.93543373e-01 7.93543373e-01 7.93543373e-01 7.93543373e-01
470 6.81906188e-06 7.93543373e-01 7.93543373e-01 7.93543373e-01 7.93543373e-01
471 6.82005988e-06 7.93543373e-01 7.93543373e-01 7.93543373e-01 7.93543373e-01
472 6.82105788e-06 7.93543373e-01 7.93543373e-01 7.93543373e-01 7.93543373e-01
473 6.82205589e-06 7.93543373e-01 7.93543373e-01 7.93543373e-01 7.93543373e-01
474 6.82305389e-06 7.93543373e-01 7.93543373e-01 7.93543373e-01 7.93543373e-01
475 6.82405190e-06 7.93543373e-01 7.93543373e-01 7.93543373e-01 7.93543373e-01
476 6.82504990e-06 7.93543373e-01 7.93543373e-01 7.93543373e-01 7.93543373e-01
477 6.82604790e-06 7.93543373e-01 7.93543373e-01 7.93543373e-01 7.93543373e-01
478 6.82704591e-06 7.93543373e-01 7.93543373e-01 7.93543373e-01 7.93543373e-01
479 6.82804391e-06 7.93543373e-01 7.93543373e-01 7.93543373e-01 7.93543373e-01
480 6.82904192e-06 7.93543373e-01 7.93543373e-01 7.93543373e-01 7.93543373e-01
481 6.83003992e-06 7.93543373e-01 7.93543373e-01 7.93543373e-01 7.93543373e-01
482 6.83103792e-06 7.93543373e-01 7.93543373e-01 7.93543373e-01 7.93543373e-01
483 6.83203593e-06 7.93543373e-01 7.93543373e-01 7.93543373e-01 7.93543373e-01
484 6.83303393e-06 7.93543373e-01 7.93543373e-01 7.93543373e-01 7.93543373e-01
485 6.83403194e-06 7.93543373e-01 7.93543373e-01 7.93543373e-01 7.93543373e-01
486 6.83502994e-06 7.93543373e-01 7.93543373e-01 7.93543373e-01 7.93543373e-01
487 6.83602794e-06 7.93543373e-01 7.93543373e-01 7.93543373e-01 7.93543373e-01
488 6.83702595e-06 7.93543373e-01 7.93543373e-01 7.93543373e-01 7.93543373e-01
489 6.83802395e-06 7.93543373e-01 7.93543373e-01 7.93543373e-01 7.93543373e-01
490 6.83902196e-06 7.93543373e-01 7.93543373e-01 7.93543373e-01 7.93543373e-01
491 6.84001996e-06 7.93543373e-01 7.93543373e-01 7.93543373e-01 7.93543373e-01
492 6.84101796e-06 7.93543373e-01 7.93543373e-01 7.93543373e-01 7.93543373e-01
493 6.84201597e-06 7.93543373e-01 7.93543373e-01 7.93543373e-01 7.93543373e-01
494 6.84301397e-06 7.93543373e-01 7.93543373e-01 7.93543373e-01 7.93543373e-01
495 6.84401198e-06 7.93543373e-01 7.93543373e-01 7.93543373e-01 7.93543373e-01
496 6.84500998e-06 7.93543373e-01 7.93543373e-01 7.93543373e-01 7.93543373e-01
497 6.84600798e-06 7.93543373e-01 7.93543373e-01 7.93543373e-01 7.93543373e-01
498 6.84700599e-06 7.93543373e-01 7.93543373e-01 7.93543373e-01 7.93543373e-01
499 6.84800399e-06 7.93543373e-01 7.93543373e-01 7.93543373e-01 7.93543373e-01
500 6.84900200e-06 7.93543373e-01 7.93543373e-01 7.93543373e-01 7.93543373e-01
