0 6.35000000e-06 6.00642266e-01 6.00642266e-01 6.00642266e-01 6.00642266e-01
1 6.35099800e-06 6.00642266e-01 6.00642266e-01 6.00642266e-01 6.00642266e-01
2 6.35199601e-06 6.00642266e-01 6.00642266e-01 6.00642266e-01 6.00642266e-01
3 6.35299401e-06 6.00642266e-01 6.00642266e-01 6.00642266e-01 6.00642266e-01
4 6.35399202e-06 6.00642266e-01 6.00642266e-01 6.00642266e-01 6.00642266e-01
5 6.35499002e-06 6.00642266e-01 6.00642266e-01 6.00642266e-01 6.00642266e-01
6 6.35598802e-06 6.00642266e-01 6.00642266e-01 6.00642266e-01 6.00642266e-01
7 6.35698603e-06 6.00642266e-01 6.00642266e-01 6.00642266e-01 6.00642266e-01
8 6.35798403e-06 6.00642266e-01 6.00642266e-01 6.00642266e-01 6.00642266e-01
9 6.35898204e-06 6.00642266e-01 6.00642266e-01 6.00642266e-01 6.00642266e-01
10 6.35998004e-06 6.00642266e-01 6.00642266e-01 6.00642266e-01 6.00642266e-01
11 6.36097804e-06 6.00642266e-01 6.00642266e-01 6.00642266e-01 6.00642266e-01
12 6.36197605e-06 6.00642266e-01 6.00642266e-01 6.00642266e-01 6.00642266e-01
13 6.36297405e-06 6.00642266e-01 6.00642266e-01 6.00642266e-01 6.00642266e-01
14 6.36397206e-06 6.00642266e-01 6.00642266e-01 6.00642266e-01 6.00642266e-01
15 6.36497006e-06 6.00642266e-01 6.00642266e-01 6.00642266e-01 6.00642266e-01
16 6.36596806e-06 6.00642266e-01 6.00642266e-01 6.00642266e-01 6.00642266e-01
17 6.36696607e-06 6.00642266e-01 6.00642266e-01 6.00642266e-01 6.00642266e-01
18 6.36796407e-06 6.00642266e-01 6.00642266e-01 6.00642266e-01 6.00642266e-01
19 6.36896208e-06 6.00642266e-01 6.00642266e-01 6.00642266e-01 6.00642266e-01
20 6.36996008e-06 6.00642266e-01 6.00642266e-01 6.00642266e-01 6.00642266e-01
21 6.37095808e-06 6.00642266e-01 6.00642266e-01 6.00642266e-01 6.00642266e-01
22 6.37195609e-06 6.00642266e-01 6.00642266e-01 6.00642266e-01 6.00642266e-01
23 6.37295409e-06 6.00642266e-01 6.00642266e-01 6.00642266e-01 6.00642266e-01
24 6.37395210e-06 6.00642266e-01 6.00642266e-01 6.00642266e-01 6.00642266e-01
25 6.37495010e-06 6.00642266e-01 6.00642266e-01 6.00642266e-01 6.00642266e-01
26 6.37594810e-06 6.00642266e-01 6.00642266e-01 6.00642266e-01 6.00642266e-01
27 6.37694611e-06 6.00642266e-01 6.00642266e-01 6.00642266e-01 6.00642266e-01
28 6.37794411e-06 6.00642266e-01 6.00642266e-01 6.00642266e-01 6.00642266e-01
29 6.37894212e-06 6.00642266e-01 6.00642266e-01 6.00642266e-01 6.00642266e-01
30 6.37994012e-06 6.00642266e-01 6.00642266e-01 6.00642266e-01 6.00642266e-01
31 6.38093812e-06 6.00642266e-01 6.00642266e-01 6.00642266e-01 6.00642266e-01
32 6.38193613e-06 6.00642266e-01 6.00642266e-01 6.00642266e-01 6.00642266e-01
33 6.38293413e-06 6.00642266e-01 6.00642266e-01 6.00642266e-01 6.00642266e-01
34 6.38393214e-06 6.00642266e-01 6.00642266e-01 6.00642266e-01 6.00642266e-01
35 6.38493014e-06 6.00642266e-01 6.00642266e-01 6.00642266e-01 6.00642266e-01
36 6.38592814e-06 6.00642266e-01 6.00642266e-01 6.00642266e-01 6.00642266e-01
37 6.38692615e-06 6.00642266e-01 6.00642266e-01 6.00642266e-01 6.00642266e-01
38 6.38792415e-06 6.00642266e-01 6.00642266e-01 6.00642266e-01 6.00642266e-01
39 6.38892216e-06 6.00642266e-01 6.00642266e-01 6.00642266e-01 6.00642266e-01
40 6.38992016e-06 6.00642266e-01 6.00642266e-01 6.00642266e-01 6.00642266e-01
41 6.39091816e-06 6.00642266e-01 6.00642266e-01 6.00642266e-01 6.00642266e-01
42 6.39191617e-06 6.00642266e-01 6.00642266e-01 6.00642266e-01 6.00642266e-01
43 6.39291417e-06 6.00642266e-01 6.00642266e-01 6.00642266e-01 6.00642266e-01
44 6.39391218e-06 6.00642266e-01 6.00642266e-01 6.00642266e-01 6.00642266e-01
45 6.39491018e-06 6.00642266e-01 6.00642266e-01 6.00642266e-01 6.00642266e-01
46 6.39590818e-06 6.00642266e-01 6.00642266e-01 6.00642266e-01 6.00642266e-01
47 6.39690619e-06 6.00642266e-01 6.00642266e-01 6.00642266e-01 6.00642266e-01
48 6.39790419e-06 6.00642266e-01 6.00642266e-01 6.00642266e-01 6.00642266e-01
49 6.39890220e-06 6.00642266e-01 6.00642266e-01 6.00642266e-01 6.00642266e-01
50 6.39990020e-06 6.00642266e-01 6.00642266e-01 6.00642266e-01 6.00642266e-01
51 6.40089820e-06 6.00642266e-01 6.00642266e-01 6.00642266e-01 6.00642266e-01
52 6.40189621e-06 6.00642266e-01 6.00642266e-01 6.00642266e-01 6.00642266e-01
53 6.40289421e-06 6.00642266e-01 6.00642266e-01 6.00642266e-01 6.00642266e-01
54 6.40389222e-06 6.00642266e-01 6.00642266e-01 6.00642266e-01 6.00642266e-01
55 6.40489022e-06 6.00642266e-01 6.00642266e-01 6.00642266e-01 6.00642266e-01
56 6.40588822e-06 6.00642266e-01 6.00642266e-01 6.00642266e-01 6.00642266e-01
57 6.40688623e-06 6.00642266e-01 6.00642266e-01 6.00642266e-01 6.00642266e-01
58 6.40788423e-06 6.00642266e-01 6.00642266e-01 6.00642266e-01 6.00642266e-01
59 6.40888224e-06 6.00642266e-01 6.00642266e-01 6.00642266e-01 6.00642266e-01
60 6.40988024e-06 6.00642266e-01 6.00642266e-01 6.00642266e-01 6.00642266e-01
61 6.41087824e-06 6.00642266e-01 6.00642266e-01 6.00642266e-01 6.00642266e-01
62 6.41187625e-06 6.00642266e-01 6.00642266e-01 6.00642266e-01 6.00642266e-01
63 6.41287425e-06 6.00642266e-01 6.00642266e-01 6.00642266e-01 6.00642266e-01
64 6.41387226e-06 6.00642266e-01 6.00642266e-01 6.00642266e-01 6.00642266e-01
65 6.41487026e-06 6.00642266e-01 6.00642266e-01 6.00642266e-01 6.00642266e-01
66 6.41586826e-06 6.00642266e-01 6.00642266e-01 6.00642266e-01 6.00642266e-01
67 6.41686627e-06 6.00642266e-01 6.00642266e-01 6.00642266e-01 6.00642266e-01
68 6.41786427e-06 6.00642266e-01 6.00642266e-01 6.00642266e-01 6.00642266e-01
69 6.41886228e-06 6.00642266e-01 6.00642266e-01 6.00642266e-01 6.00642266e-01
70 6.41986028e-06 6.00642266e-01 6.00642266e-01 6.00642266e-01 6.00642266e-01
71 6.42085828e-06 6.00642266e-01 6.00642266e-01 6.00642266e-01 6.00642266e-01
72 6.42185629e-06 6.00642266e-01 6.00642266e-01 6.00642266e-01 6.00642266e-01
73 6.42285429e-06 6.00642266e-01 6.00642266e-01 6.00642266e-01 6.00642266e-01
74 6.42385230e-06 6.00642266e-01 6.00642266e-01 6.00642266e-01 6.00642266e-01
75 6.42485030e-06 6.00642266e-01 6.00642266e-01 6.00642266e-01 6.00642266e-01
76 6.42584830e-06 6.00642266e-01 6.00642266e-01 6.00642266e-01 6.00642266e-01
77 6.42684631e-06 6.00642266e-01 6.00642266e-01 6.00642266e-01 6.00642266e-01
78 6.42784431e-06 6.00642266e-01 6.00642266e-01 6.00642266e-01 6.00642266e-01
79 6.42884232e-06 6.00642266e-01 6.00642266e-01 6.00642266e-01 6.00642266e-01
80 6.42984032e-06 6.00642266e-01 6.00642266e-01 6.00642266e-01 6.00642266e-01
81 6.43083832e-06 6.00642266e-01 6.00642266e-01 6.00642266e-01 6.00642266e-01
82 6.43183633e-06 6.00642266e-01 6.00642266e-01 6.00642266e-01 6.00642266e-01
83 6.43283433e-06 6.00642266e-01 6.00642266e-01 6.00642266e-01 6.00642266e-01
84 6.43383234e-06 6.00642266e-01 6.00642266e-01 6.00642266e-01 6.00642266e-01
85 6.43483034e-06 6.00642266e-01 6.00642266e-01 6.00642266e-01 6.00642266e-01
86 6.43582834e-06 6.00642266e-01 6.00642266e-01 6.00642266e-01 6.00642266e-01
87 6.43682635e-06 6.00642266e-01 6.00642266e-01 6.00642266e-01 6.00642266e-01
88 6.43782435e-06 6.00642266e-01 6.00642266e-01 6.00642266e-01 6.00642266e-01
89 6.43882236e-06 6.00642266e-01 6.00642266e-01 6.00642266e-01 6.00642266e-01
90 6.43982036e-06 6.00642266e-01 6.00642266e-01 6.00642266e-01 6.00642266e-01
91 6.44081836e-06 6.00642266e-01 6.00642266e-01 6.00642266e-01 6.00642266e-01
92 6.44181637e-06 6.00642266e-01 6.00642266e-01 6.00642266e-01 6.00642266e-01
93 6.44281437e-06 6.00642266e-01 6.00642266e-01 6.00642266e-01 6.00642266e-01
94 6.44381238e-06 6.00642266e-01 6.00642266e-01 6.00642266e-01 6.00642266e-01
95 6.44481038e-06 6.00642266e-01 6.00642266e-01 6.00642266e-01 6.00642266e-01
96 6.44580838e-06 6.00642266e-01 6.00642266e-01 6.00642266e-01 6.00642266e-01
97 6.44680639e-06 6.00642266e-01 6.00642266e-01 6.00642266e-01 6.00642266e-01
98 6.44780439e-06 6.00642266e-01 6.00642266e-01 6.00642266e-01 6.00642266e-01
99 6.44880240e-06 6.00642266e-01 6.00642266e-01 6.00642266e-01 6.00642266e-01
100 6.44980040e-06 6.00642266e-01 6.00642266e-01 6.00642266e-01 6.00642266e-01
101 6.45079840e-06 6.00642266e-01 6.00642266e-01 6.00642266e-01 6.00642266e-01
102 6.45179641e-06 6.00642266e-01 6.00642266e-01 6.00642266e-01 6.00642266e-01
103 6.45279441e-06 6.00642266e-01 6.00642266e-01 6.00642266e-01 6.00642266e-01
104 6.45379242e-06 6.00642266e-01 6.00642266e-01 6.00642266e-01 6.00642266e-01
105 6.45479042e-06 6.00642266e-01 6.00642266e-01 6.00642266e-01 6.00642266e-01
106 6.45578842e-06 6.00642266e-01 6.00642266e-01 6.00642266e-01 6.00642266e-01
107 6.45678643e-06 6.00642266e-01 6.00642266e-01 6.00642266e-01 6.00642266e-01
108 6.45778443e-06 6.00642266e-01 6.00642266e-01 6.00642266e-01 6.00642266e-01
109 6.45878244e-06 6.00642266e-01 6.00642266e-01 6.00642266e-01 6.00642266e-01
110 6.45978044e-06 6.00642266e-01 6.00642266e-01 6.00642266e-01 6.00642266e-01
111 6.46077844e-06 6.00642266e-01 6.00642266e-01 6.00642266e-01 6.00642266e-01
112 6.46177645e-06 6.00642266e-01 6.00642266e-01 6.00642266e-01 6.00642266e-01
113 6.46277445e-06 6.00642266e-01 6.00642266e-01 6.00642266e-01 6.00642266e-01
114 6.46377246e-06 6.00642266e-01 6.00642266e-01 6.00642266e-01 6.00642266e-01
115 6.46477046e-06 6.00642266e-01 6.00642266e-01 6.00642266e-01 6.00642266e-01
116 6.46576846e-06 6.00642266e-01 6.00642266e-01 6.00642266e-01 6.00642266e-01
117 6.46676647e-06 6.00642266e-01 6.00642266e-01 6.00642266e-01 6.00642266e-01
118 6.46776447e-06 6.00642266e-01 6.00642266e-01 6.00642266e-01 6.00642266e-01
119 6.46876248e-06 6.00642266e-01 6.00642266e-01 6.00642266e-01 6.00642266e-01
120 6.46976048e-06 6.00642266e-01 6.00642266e-01 6.00642266e-01 6.00642266e-01
121 6.47075848e-06 6.00642266e-01 6.00642266e-01 6.00642266e-01 6.00642266e-01
122 6.47175649e-06 6.00642266e-01 6.00642266e-01 6.00642266e-01 6.00642266e-01
123 6.47275449e-06 6.00642266e-01 6.00642266e-01 6.00642266e-01 6.00642266e-01
124 6.47375250e-06 6.00642266e-01 6.00642266e-01 6.00642266e-01 6.00642266e-01
125 6.47475050e-06 6.00873792e-01 6.00873792e-01 6.00873792e-01 6.00873792e-01
126 6.47574850e-06 6.01706357e-01 6.01706357e-01 6.01706357e-01 6.01706357e-01
127 6.47674651e-06 6.07909120e-01 6.07909120e-01 6.07909120e-01 6.07909120e-01
128 6.47774451e-06 6.14863935e-01 6.14863935e-01 6.14863935e-01 6.14863935e-01
129 6.47874251e-06 6.30064661e-01 6.30064661e-01 6.30064661e-01 6.30064661e-01
130 6.47974052e-06 6.54012244e-01 6.54012244e-01 6.54012244e-01 6.54012244e-01
131 6.48073852e-06 6.96967566e-01 6.96967566e-01 6.96967566e-01 6.96967566e-01
132 6.48173653e-06 7.71191833e-01 7.71191833e-01 7.71191833e-01 7.71191833e-01
133 6.48273453e-06 8.96916316e-01 8.96916316e-01 8.96916316e-01 8.96916316e-01
134 6.48373253e-06 1.10693717e+00 1.10693717e+00 1.10693717e+00 1.10693717e+00
135 6.48473054e-06 1.45329458e+00 1.45329458e+00 1.45329458e+00 1.45329458e+00
136 6.48572854e-06 2.01590540e+00 2.01590540e+00 2.01590540e+00 2.01590540e+00
137 6.48672655e-06 2.91724071e+00 2.91724071e+00 2.91724071e+00 2.91724071e+00
138 6.48772455e-06 4.33647288e+00 4.33647288e+00 4.33647288e+00 4.33647288e+00
139 6.48872255e-06 6.52419703e+00 6.52419703e+00 6.52419703e+00 6.52419703e+00
140 6.48972056e-06 9.85236046e+00 9.85236046e+00 9.85236046e+00 9.85236046e+00
141 6.49071856e-06 1.48383434e+01 1.48383434e+01 1.48383434e+01 1.48383434e+01
142 6.49171657e-06 2.21895977e+01 2.21895977e+01 2.21895977e+01 2.21895977e+01
143 6.49271457e-06 3.28508020e+01 3.28508020e+01 3.28508020e+01 3.28508020e+01
144 6.49371257e-06 4.80746239e+01 4.80746239e+01 4.80746239e+01 4.80746239e+01
145 6.49471058e-06 6.94668095e+01 6.94668095e+01 6.94668095e+01 6.94668095e+01
146 6.49570858e-06 9.90547328e+01 9.90547328e+01 9.90547328e+01 9.90547328e+01
147 6.49670659e-06 1.39335516e+02 1.39335516e+02 1.39335516e+02 1.39335516e+02
148 6.49770459e-06 1.93316348e+02 1.93316348e+02 1.93316348e+02 1.93316348e+02
149 6.49870259e-06 2.64525175e+02 2.64525175e+02 2.64525175e+02 2.64525175e+02
150 6.49970060e-06 3.57005570e+02 3.57005570e+02 3.57005570e+02 3.57005570e+02
151 6.50069860e-06 4.75259650e+02 4.75259650e+02 4.75259650e+02 4.75259650e+02
152 6.50169661e-06 6.24157097e+02 6.24157097e+02 6.24157097e+02 6.24157097e+02
153 6.50269461e-06 8.08800794e+02 8.08800794e+02 8.08800794e+02 8.08800794e+02
154 6.50369261e-06 1.03434668e+03 1.03434668e+03 1.03434668e+03 1.03434668e+03
155 6.50469062e-06 1.30579239e+03 1.30579239e+03 1.30579239e+03 1.30579239e+03
156 6.50568862e-06 1.62774049e+03 1.62774049e+03 1.62774049e+03 1.62774049e+03
157 6.50668663e-06 2.00415863e+03 2.00415863e+03 2.00415863e+03 2.00415863e+03
158 6.50768463e-06 2.43814581e+03 2.43814581e+03 2.43814581e+03 2.43814581e+03
159 6.50868263e-06 2.93172942e+03 2.93172942e+03 2.93172942e+03 2.93172942e+03
160 6.50968064e-06 3.48570324e+03 3.48570324e+03 3.48570324e+03 3.48570324e+03
161 6.51067864e-06 4.09951691e+03 4.09951691e+03 4.09951691e+03 4.09951691e+03
162 6.51167665e-06 4.77121923e+03 4.77121923e+03 4.77121923e+03 4.77121923e+03
163 6.51267465e-06 5.49744841e+03 5.49744841e+03 5.49744841e+03 5.49744841e+03
164 6.51367265e-06 6.27345993e+03 6.27345993e+03 6.27345993e+03 6.27345993e+03
165 6.51467066e-06 7.09317249e+03 7.09317249e+03 7.09317249e+03 7.09317249e+03
166 6.51566866e-06 7.94921744e+03 7.94921744e+03 7.94921744e+03 7.94921744e+03
167 6.51666667e-06 8.83297776e+03 8.83297776e+03 8.83297776e+03 8.83297776e+03
168 6.51766467e-06 9.73461087e+03 9.73461087e+03 9.73461087e+03 9.73461087e+03
169 6.51866267e-06 1.06430598e+04 1.06430598e+04 1.06430598e+04 1.06430598e+04
170 6.51966068e-06 1.15460680e+04 1.15460680e+04 1.15460680e+04 1.15460680e+04
171 6.52065868e-06 1.24302229e+04 1.24302229e+04 1.24302229e+04 1.24302229e+04
172 6.52165669e-06 1.32810580e+04 1.32810580e+04 1.32810580e+04 1.32810580e+04
173 6.52265469e-06 1.40832431e+04 1.40832431e+04 1.40832431e+04 1.40832431e+04
174 6.52365269e-06 1.48208879e+04 1.48208879e+04 1.48208879e+04 1.48208879e+04
175 6.52465070e-06 1.54779674e+04 1.54779674e+04 1.54779674e+04 1.54779674e+04
176 6.52564870e-06 1.60388662e+04 1.60388662e+04 1.60388662e+04 1.60388662e+04
177 6.52664671e-06 1.64890156e+04 1.64890156e+04 1.64890156e+04 1.64890156e+04
178 6.52764471e-06 1.68155841e+04 1.68155841e+04 1.68155841e+04 1.68155841e+04
179 6.52864271e-06 1.70081663e+04 1.70081663e+04 1.70081663e+04 1.70081663e+04
180 6.52964072e-06 1.70594115e+04 1.70594115e+04 1.70594115e+04 1.70594115e+04
181 6.53063872e-06 1.69655320e+04 1.69655320e+04 1.69655320e+04 1.69655320e+04
182 6.53163673e-06 1.67266428e+04 1.67266428e+04 1.67266428e+04 1.67266428e+04
183 6.53263473e-06 1.63468957e+04 1.63468957e+04 1.63468957e+04 1.63468957e+04
184 6.53363273e-06 1.58343936e+04 1.58343936e+04 1.58343936e+04 1.58343936e+04
185 6.53463074e-06 1.52008884e+04 1.52008884e+04 1.52008884e+04 1.52008884e+04
186 6.53562874e-06 1.44612841e+04 1.44612841e+04 1.44612841e+04 1.44612841e+04
187 6.53662675e-06 1.36329865e+04 1.36329865e+04 1.36329865e+04 1.36329865e+04
188 6.53762475e-06 1.27351425e+04 1.27351425e+04 1.27351425e+04 1.27351425e+04
189 6.53862275e-06 1.17878299e+04 1.17878299e+04 1.17878299e+04 1.17878299e+04
190 6.53962076e-06 1.08112446e+04 1.08112446e+04 1.08112446e+04 1.08112446e+04
191 6.54061876e-06 9.82493569e+03 9.82493569e+03 9.82493569e+03 9.82493569e+03
192 6.54161677e-06 8.84713078e+03 8.84713078e+03 8.84713078e+03 8.84713078e+03
193 6.54261477e-06 7.89417846e+03 7.89417846e+03 7.89417846e+03 7.89417846e+03
194 6.54361277e-06 6.98013005e+03 6.98013005e+03 6.98013005e+03 6.98013005e+03
195 6.54461078e-06 6.11646752e+03 6.11646752e+03 6.11646752e+03 6.11646752e+03
196 6.54560878e-06 5.31197797e+03 5.31197797e+03 5.31197797e+03 5.31197797e+03
197 6.54660679e-06 4.57276347e+03 4.57276347e+03 4.57276347e+03 4.57276347e+03
198 6.54760479e-06 3.90237078e+03 3.90237078e+03 3.90237078e+03 3.90237078e+03
199 6.54860279e-06 3.30201897e+03 3.30201897e+03 3.30201897e+03 3.30201897e+03
200 6.54960080e-06 2.77090045e+03 2.77090045e+03 2.77090045e+03 2.77090045e+03
201 6.55059880e-06 2.30652939e+03 2.30652939e+03 2.30652939e+03 2.30652939e+03
202 6.55159681e-06 1.90511225e+03 1.90511225e+03 1.90511225e+03 1.90511225e+03
203 6.55259481e-06 1.56191715e+03 1.56191715e+03 1.56191715e+03 1.56191715e+03
204 6.55359281e-06 1.27162211e+03 1.27162211e+03 1.27162211e+03 1.27162211e+03
205 6.55459082e-06 1.02862665e+03 1.02862665e+03 1.02862665e+03 1.02862665e+03
206 6.55558882e-06 8.27315851e+02 8.27315851e+02 8.27315851e+02 8.27315851e+02
207 6.55658683e-06 6.62270953e+02 6.62270953e+02 6.62270953e+02 6.62270953e+02
208 6.55758483e-06 5.28424858e+02 5.28424858e+02 5.28424858e+02 5.28424858e+02
209 6.55858283e-06 4.21164964e+02 4.21164964e+02 4.21164964e+02 4.21164964e+02
210 6.55958084e-06 3.36387295e+02 3.36387295e+02 3.36387295e+02 3.36387295e+02
211 6.56057884e-06 2.70518082e+02 2.70518082e+02 2.70518082e+02 2.70518082e+02
212 6.56157685e-06 2.20482910e+02 2.20482910e+02 2.20482910e+02 2.20482910e+02
213 6.56257485e-06 1.83680864e+02 1.83680864e+02 1.83680864e+02 1.83680864e+02
214 6.56357285e-06 1.57915706e+02 1.57915706e+02 1.57915706e+02 1.57915706e+02
215 6.56457086e-06 1.41339297e+02 1.41339297e+02 1.41339297e+02 1.41339297e+02
216 6.56556886e-06 1.32381309e+02 1.32381309e+02 1.32381309e+02 1.32381309e+02
217 6.56656687e-06 1.29684904e+02 1.29684904e+02 1.29684904e+02 1.29684904e+02
218 6.56756487e-06 1.32050856e+02 1.32050856e+02 1.32050856e+02 1.32050856e+02
219 6.56856287e-06 1.38391397e+02 1.38391397e+02 1.38391397e+02 1.38391397e+02
220 6.56956088e-06 1.47693608e+02 1.47693608e+02 1.47693608e+02 1.47693608e+02
221 6.57055888e-06 1.59002214e+02 1.59002214e+02 1.59002214e+02 1.59002214e+02
222 6.57155689e-06 1.71408180e+02 1.71408180e+02 1.71408180e+02 1.71408180e+02
223 6.57255489e-06 1.84042335e+02 1.84042335e+02 1.84042335e+02 1.84042335e+02
224 6.57355289e-06 1.96097481e+02 1.96097481e+02 1.96097481e+02 1.96097481e+02
225 6.57455090e-06 2.06845361e+02 2.06845361e+02 2.06845361e+02 2.06845361e+02
226 6.57554890e-06 2.15658099e+02 2.15658099e+02 2.15658099e+02 2.15658099e+02
227 6.57654691e-06 2.22022024e+02 2.22022024e+02 2.22022024e+02 2.22022024e+02
228 6.57754491e-06 2.25568235e+02 2.25568235e+02 2.25568235e+02 2.25568235e+02
229 6.57854291e-06 2.26076091e+02 2.26076091e+02 2.26076091e+02 2.26076091e+02
230 6.57954092e-06 2.23481532e+02 2.23481532e+02 2.23481532e+02 2.23481532e+02
231 6.58053892e-06 2.17871629e+02 2.17871629e+02 2.17871629e+02 2.17871629e+02
232 6.58153693e-06 2.09473185e+02 2.09473185e+02 2.09473185e+02 2.09473185e+02
233 6.58253493e-06 1.98625676e+02 1.98625676e+02 1.98625676e+02 1.98625676e+02
234 6.58353293e-06 1.85759361e+02 1.85759361e+02 1.85759361e+02 1.85759361e+02
235 6.58453094e-06 1.71361567e+02 1.71361567e+02 1.71361567e+02 1.71361567e+02
236 6.58552894e-06 1.55943246e+02 1.55943246e+02 1.55943246e+02 1.55943246e+02
237 6.58652695e-06 1.40010262e+02 1.40010262e+02 1.40010262e+02 1.40010262e+02
238 6.58752495e-06 1.24035568e+02 1.24035568e+02 1.24035568e+02 1.24035568e+02
239 6.58852295e-06 1.08438619e+02 1.08438619e+02 1.08438619e+02 1.08438619e+02
240 6.58952096e-06 9.35689408e+01 9.35689408e+01 9.35689408e+01 9.35689408e+01
241 6.59051896e-06 7.96992329e+01 7.96992329e+01 7.96992329e+01 7.96992329e+01
242 6.59151697e-06 6.70223953e+01 6.70223953e+01 6.70223953e+01 6.70223953e+01
243 6.59251497e-06 5.56551498e+01 5.56551498e+01 5.56551498e+01 5.56551498e+01
244 6.59351297e-06 4.56454977e+01 4.56454977e+01 4.56454977e+01 4.56454977e+01
245 6.59451098e-06 3.69828936e+01 3.69828936e+01 3.69828936e+01 3.69828936e+01
246 6.59550898e-06 2.96105695e+01 2.96105695e+01 2.96105695e+01 2.96105695e+01
247 6.59650699e-06 2.34369612e+01 2.34369612e+01 2.34369612e+01 2.34369612e+01
248 6.59750499e-06 1.83479739e+01 1.83479739e+01 1.83479739e+01 1.83479739e+01
249 6.59850299e-06 1.42171595e+01 1.42171595e+01 1.42171595e+01 1.42171595e+01
250 6.59950100e-06 1.09144006e+01 1.09144006e+01 1.09144006e+01 1.09144006e+01
251 6.60049900e-06 8.31271895e+00 8.31271895e+00 8.31271895e+00 8.31271895e+00
252 6.60149701e-06 6.29321582e+00 6.29321582e+00 6.29321582e+00 6.29321582e+00
253 6.60249501e-06 4.74829782e+00 4.74829782e+00 4.74829782e+00 4.74829782e+00
254 6.60349301e-06 3.58342841e+00 3.58342841e+00 3.58342841e+00 3.58342841e+00
255 6.60449102e-06 2.71769234e+00 2.71769234e+00 2.71769234e+00 2.71769234e+00
256 6.60548902e-06 2.08346785e+00 2.08346785e+00 2.08346785e+00 2.08346785e+00
257 6.60648703e-06 1.62548247e+00 1.62548247e+00 1.62548247e+00 1.62548247e+00
258 6.60748503e-06 1.29949259e+00 1.29949259e+00 1.29949259e+00 1.29949259e+00
259 6.60848303e-06 1.07078224e+00 1.07078224e+00 1.07078224e+00 1.07078224e+00
260 6.60948104e-06 9.12629758e-01 9.12629758e-01 9.12629758e-01 9.12629758e-01
261 6.61047904e-06 8.04846954e-01 8.04846954e-01 8.04846954e-01 8.04846954e-01
262 6.61147705e-06 7.32457132e-01 7.32457132e-01 7.32457132e-01 7.32457132e-01
263 6.61247505e-06 6.84546806e-01 6.84546806e-01 6.84546806e-01 6.84546806e-01
264 6.61347305e-06 6.53302421e-01 6.53302421e-01 6.53302421e-01 6.53302421e-01
265 6.61447106e-06 6.33226612e-01 6.33226612e-01 6.33226612e-01 6.33226612e-01
266 6.61546906e-06 6.20517960e-01 6.20517960e-01 6.20517960e-01 6.20517960e-01
267 6.61646707e-06 6.12592602e-01 6.12592602e-01 6.12592602e-01 6.12592602e-01
268 6.61746507e-06 6.07724047e-01 6.07724047e-01 6.07724047e-01 6.07724047e-01
269 6.61846307e-06 6.04778183e-01 6.04778183e-01 6.04778183e-01 6.04778183e-01
270 6.61946108e-06 6.02823675e-01 6.02823675e-01 6.02823675e-01 6.02823675e-01
271 6.62045908e-06 6.01889760e-01 6.01889760e-01 6.01889760e-01 6.01889760e-01
272 6.62145709e-06 6.01344641e-01 6.01344641e-01 6.01344641e-01 6.01344641e-01
273 6.62245509e-06 6.01031606e-01 6.01031606e-01 6.01031606e-01 6.01031606e-01
274 6.62345309e-06 6.00854746e-01 6.00854746e-01 6.00854746e-01 6.00854746e-01
275 6.62445110e-06 6.00756432e-01 6.00756432e-01 6.00756432e-01 6.00756432e-01
276 6.62544910e-06 6.00702658e-01 6.00702658e-01 6.00702658e-01 6.00702658e-01
277 6.62644711e-06 6.00642266e-01 6.00642266e-01 6.00642266e-01 6.00642266e-01
278 6.62744511e-06 6.00642266e-01 6.00642266e-01 6.00642266e-01 6.00642266e-01
279 6.62844311e-06 6.00642266e-01 6.00642266e-01 6.00642266e-01 6.00642266e-01
280 6.62944112e-06 6.00642266e-01 6.00642266e-01 6.00642266e-01 6.00642266e-01
281 6.63043912e-06 6.00642266e-01 6.00642266e-01 6.00642266e-01 6.00642266e-01
282 6.63143713e-06 6.00642266e-01 6.00642266e-01 6.00642266e-01 6.00642266e-01
283 6.63243513e-06 6.00642266e-01 6.00642266e-01 6.00642266e-01 6.00642266e-01
284 6.63343313e-06 6.00642266e-01 6.00642266e-01 6.00642266e-01 6.00642266e-01
285 6.63443114e-06 6.00642266e-01 6.00642266e-01 6.00642266e-01 6.00642266e-01
286 6.63542914e-06 6.00642266e-01 6.00642266e-01 6.00642266e-01 6.00642266e-01
287 6.63642715e-06 6.00642266e-01 6.00642266e-01 6.00642266e-01 6.00642266e-01
288 6.63742515e-06 6.00642266e-01 6.00642266e-01 6.00642266e-01 6.00642266e-01
289 6.63842315e-06 6.00642266e-01 6.00642266e-01 6.00642266e-01 6.00642266e-01
290 6.63942116e-06 6.00642266e-01 6.00642266e-01 6.00642266e-01 6.00642266e-01
291 6.64041916e-06 6.00642266e-01 6.00642266e-01 6.00642266e-01 6.00642266e-01
292 6.64141717e-06 6.00642266e-01 6.00642266e-01 6.00642266e-01 6.00642266e-01
293 6.64241517e-06 6.00642266e-01 6.00642266e-01 6.00642266e-01 6.00642266e-01
294 6.64341317e-06 6.00642266e-01 6.00642266e-01 6.00642266e-01 6.00642266e-01
295 6.64441118e-06 6.00642266e-01 6.00642266e-01 6.00642266e-01 6.00642266e-01
296 6.64540918e-06 6.00642266e-01 6.00642266e-01 6.00642266e-01 6.00642266e-01
297 6.64640719e-06 6.00642266e-01 6.00642266e-01 6.00642266e-01 6.00642266e-01
298 6.64740519e-06 6.00642266e-01 6.00642266e-01 6.00642266e-01 6.00642266e-01
299 6.64840319e-06 6.00642266e-01 6.00642266e-01 6.00642266e-01 6.00642266e-01
300 6.64940120e-06 6.00642266e-01 6.00642266e-01 6.00642266e-01 6.00642266e-01
301 6.65039920e-06 6.00642266e-01 6.00642266e-01 6.00642266e-01 6.00642266e-01
302 6.65139721e-06 6.00642266e-01 6.00642266e-01 6.00642266e-01 6.00642266e-01
303 6.65239521e-06 6.00642266e-01 6.00642266e-01 6.00642266e-01 6.00642266e-01
304 6.65339321e-06 6.00642266e-01 6.00642266e-01 6.00642266e-01 6.00642266e-01
305 6.65439122e-06 6.00642266e-01 6.00642266e-01 6.00642266e-01 6.00642266e-01
306 6.65538922e-06 6.00642266e-01 6.00642266e-01 6.00642266e-01 6.00642266e-01
307 6.65638723e-06 6.00642266e-01 6.00642266e-01 6.00642266e-01 6.00642266e-01
308 6.65738523e-06 6.00642266e-01 6.00642266e-01 6.00642266e-01 6.00642266e-01
309 6.65838323e-06 6.00642266e-01 6.00642266e-01 6.00642266e-01 6.00642266e-01
310 6.65938124e-06 6.00642266e-01 6.00642266e-01 6.00642266e-01 6.00642266e-01
311 6.66037924e-06 6.00642266e-01 6.00642266e-01 6.00642266e-01 6.00642266e-01
312 6.66137725e-06 6.00642266e-01 6.00642266e-01 6.00642266e-01 6.00642266e-01
313 6.66237525e-06 6.00642266e-01 6.00642266e-01 6.00642266e-01 6.00642266e-01
314 6.66337325e-06 6.00642266e-01 6.00642266e-01 6.00642266e-01 6.00642266e-01
315 6.66437126e-06 6.00642266e-01 6.00642266e-01 6.00642266e-01 6.00642266e-01
316 6.66536926e-06 6.00642266e-01 6.00642266e-01 6.00642266e-01 6.00642266e-01
317 6.66636727e-06 6.00642266e-01 6.00642266e-01 6.00642266e-01 6.00642266e-01
318 6.66736527e-06 6.00642266e-01 6.00642266e-01 6.00642266e-01 6.00642266e-01
319 6.66836327e-06 6.00642266e-01 6.00642266e-01 6.00642266e-01 6.00642266e-01
320 6.66936128e-06 6.00642266e-01 6.00642266e-01 6.00642266e-01 6.00642266e-01
321 6.67035928e-06 6.00642266e-01 6.00642266e-01 6.00642266e-01 6.00642266e-01
322 6.67135729e-06 6.00642266e-01 6.00642266e-01 6.00642266e-01 6.00642266e-01
323 6.67235529e-06 6.00642266e-01 6.00642266e-01 6.00642266e-01 6.00642266e-01
324 6.67335329e-06 6.00642266e-01 6.00642266e-01 6.00642266e-01 6.00642266e-01
325 6.67435130e-06 6.00642266e-01 6.00642266e-01 6.00642266e-01 6.00642266e-01
326 6.67534930e-06 6.00642266e-01 6.00642266e-01 6.00642266e-01 6.00642266e-01
327 6.67634731e-06 6.00642266e-01 6.00642266e-01 6.00642266e-01 6.00642266e-01
328 6.67734531e-06 6.00642266e-01 6.00642266e-01 6.00642266e-01 6.00642266e-01
329 6.67834331e-06 6.00642266e-01 6.00642266e-01 6.00642266e-01 6.00642266e-01
330 6.67934132e-06 6.00642266e-01 6.00642266e-01 6.00642266e-01 6.00642266e-01
331 6.68033932e-06 6.04650090e-01 6.04650090e-01 6.04650090e-01 6.04650090e-01
332 6.68133733e-06 6.08137981e-01 6.08137981e-01 6.08137981e-01 6.08137981e-01
333 6.68233533e-06 6.14874822e-01 6.14874822e-01 6.14874822e-01 6.14874822e-01
334 6.68333333e-06 6.26469279e-01 6.26469279e-01 6.26469279e-01 6.26469279e-01
335 6.68433134e-06 6.46785385e-01 6.46785385e-01 6.46785385e-01 6.46785385e-01
336 6.68532934e-06 6.81809675e-01 6.81809675e-01 6.81809675e-01 6.81809675e-01
337 6.68632735e-06 7.41214275e-01 7.41214275e-01 7.41214275e-01 7.41214275e-01
338 6.68732535e-06 8.40337241e-01 8.40337241e-01 8.40337241e-01 8.40337241e-01
339 6.68832335e-06 1.00304637e+00 1.00304637e+00 1.00304637e+00 1.00304637e+00
340 6.68932136e-06 1.26577723e+00 1.26577723e+00 1.26577723e+00 1.26577723e+00
341 6.69031936e-06 1.68307664e+00 1.68307664e+00 1.68307664e+00 1.68307664e+00
342 6.69131737e-06 2.33499854e+00 2.33499854e+00 2.33499854e+00 2.33499854e+00
343 6.69231537e-06 3.33667034e+00 3.33667034e+00 3.33667034e+00 3.33667034e+00
344 6.69331337e-06 4.85024990e+00 4.85024990e+00 4.85024990e+00 4.85024990e+00
345 6.69431138e-06 7.09930111e+00 7.09930111e+00 7.09930111e+00 7.09930111e+00
346 6.69530938e-06 1.03853048e+01 1.03853048e+01 1.03853048e+01 1.03853048e+01
347 6.69630739e-06 1.51055770e+01 1.51055770e+01 1.51055770e+01 1.51055770e+01
348 6.69730539e-06 2.17712893e+01 2.17712893e+01 2.17712893e+01 2.17712893e+01
349 6.69830339e-06 3.10236078e+01 3.10236078e+01 3.10236078e+01 3.10236078e+01
350 6.69930140e-06 4.36452416e+01 4.36452416e+01 4.36452416e+01 4.36452416e+01
351 6.70029940e-06 6.05640309e+01 6.05640309e+01 6.05640309e+01 6.05640309e+01
352 6.70129741e-06 8.28447364e+01 8.28447364e+01 8.28447364e+01 8.28447364e+01
353 6.70229541e-06 1.11665082e+02 1.11665082e+02 1.11665082e+02 1.11665082e+02
354 6.70329341e-06 1.48272523e+02 1.48272523e+02 1.48272523e+02 1.48272523e+02
355 6.70429142e-06 1.93919306e+02 1.93919306e+02 1.93919306e+02 1.93919306e+02
356 6.70528942e-06 2.49775210e+02 2.49775210e+02 2.49775210e+02 2.49775210e+02
357 6.70628743e-06 3.16819934e+02 3.16819934e+02 3.16819934e+02 3.16819934e+02
358 6.70728543e-06 3.95720189e+02 3.95720189e+02 3.95720189e+02 3.95720189e+02
359 6.70828343e-06 4.86699922e+02 4.86699922e+02 4.86699922e+02 4.86699922e+02
360 6.70928144e-06 5.89415246e+02 5.89415246e+02 5.89415246e+02 5.89415246e+02
361 6.71027944e-06 7.02848045e+02 7.02848045e+02 7.02848045e+02 7.02848045e+02
362 6.71127745e-06 8.25233328e+02 8.25233328e+02 8.25233328e+02 8.25233328e+02
363 6.71227545e-06 9.54034702e+02 9.54034702e+02 9.54034702e+02 9.54034702e+02
364 6.71327345e-06 1.08597959e+03 1.08597959e+03 1.08597959e+03 1.08597959e+03
365 6.71427146e-06 1.21716099e+03 1.21716099e+03 1.21716099e+03 1.21716099e+03
366 6.71526946e-06 1.34320604e+03 1.34320604e+03 1.34320604e+03 1.34320604e+03
367 6.71626747e-06 1.45950408e+03 1.45950408e+03 1.45950408e+03 1.45950408e+03
368 6.71726547e-06 1.56147920e+03 1.56147920e+03 1.56147920e+03 1.56147920e+03
369 6.71826347e-06 1.64488561e+03 1.64488561e+03 1.64488561e+03 1.64488561e+03
370 6.71926148e-06 1.70609968e+03 1.70609968e+03 1.70609968e+03 1.70609968e+03
371 6.72025948e-06 1.74238076e+03 1.74238076e+03 1.74238076e+03 1.74238076e+03
372 6.72125749e-06 1.75207466e+03 1.75207466e+03 1.75207466e+03 1.75207466e+03
373 6.72225549e-06 1.73473867e+03 1.73473867e+03 1.73473867e+03 1.73473867e+03
374 6.72325349e-06 1.69117516e+03 1.69117516e+03 1.69117516e+03 1.69117516e+03
375 6.72425150e-06 1.62336996e+03 1.62336996e+03 1.62336996e+03 1.62336996e+03
376 6.72524950e-06 1.53434226e+03 1.53434226e+03 1.53434226e+03 1.53434226e+03
377 6.72624750e-06 1.42792186e+03 1.42792186e+03 1.42792186e+03 1.42792186e+03
378 6.72724551e-06 1.30847650e+03 1.30847650e+03 1.30847650e+03 1.30847650e+03
379 6.72824351e-06 1.18061638e+03 1.18061638e+03 1.18061638e+03 1.18061638e+03
380 6.72924152e-06 1.04890348e+03 1.04890348e+03 1.04890348e+03 1.04890348e+03
381 6.73023952e-06 9.17590749e+02 9.17590749e+02 9.17590749e+02 9.17590749e+02
382 6.73123752e-06 7.90410789e+02 7.90410789e+02 7.90410789e+02 7.90410789e+02
383 6.73223553e-06 6.70426960e+02 6.70426960e+02 6.70426960e+02 6.70426960e+02
384 6.73323353e-06 5.59951657e+02 5.59951657e+02 5.59951657e+02 5.59951657e+02
385 6.73423154e-06 4.60529522e+02 4.60529522e+02 4.60529522e+02 4.60529522e+02
386 6.73522954e-06 3.72977149e+02 3.72977149e+02 3.72977149e+02 3.72977149e+02
387 6.73622754e-06 2.97466700e+02 2.97466700e+02 2.97466700e+02 2.97466700e+02
388 6.73722555e-06 2.33638693e+02 2.33638693e+02 2.33638693e+02 2.33638693e+02
389 6.73822355e-06 1.80729179e+02 1.80729179e+02 1.80729179e+02 1.80729179e+02
390 6.73922156e-06 1.37697962e+02 1.37697962e+02 1.37697962e+02 1.37697962e+02
391 6.74021956e-06 1.03347264e+02 1.03347264e+02 1.03347264e+02 1.03347264e+02
392 6.74121756e-06 7.64234198e+01 7.64234198e+01 7.64234198e+01 7.64234198e+01
393 6.74221557e-06 5.56974935e+01 5.56974935e+01 5.56974935e+01 5.56974935e+01
394 6.74321357e-06 4.00236942e+01 4.00236942e+01 4.00236942e+01 4.00236942e+01
395 6.74421158e-06 2.83767574e+01 2.83767574e+01 2.83767574e+01 2.83767574e+01
396 6.74520958e-06 1.98710984e+01 1.98710984e+01 1.98710984e+01 1.98710984e+01
397 6.74620758e-06 1.37654087e+01 1.37654087e+01 1.37654087e+01 1.37654087e+01
398 6.74720559e-06 9.45661827e+00 9.45661827e+00 9.45661827e+00 9.45661827e+00
399 6.74820359e-06 6.46692870e+00 6.46692870e+00 6.46692870e+00 6.46692870e+00
400 6.74920160e-06 4.42708400e+00 4.42708400e+00 4.42708400e+00 4.42708400e+00
401 6.75019960e-06 3.05836790e+00 3.05836790e+00 3.05836790e+00 3.05836790e+00
402 6.75119760e-06 2.15510243e+00 2.15510243e+00 2.15510243e+00 2.15510243e+00
403 6.75219561e-06 1.56877552e+00 1.56877552e+00 1.56877552e+00 1.56877552e+00
404 6.75319361e-06 1.19438931e+00 1.19438931e+00 1.19438931e+00 1.19438931e+00
405 6.75419162e-06 9.59217262e-01 9.59217262e-01 9.59217262e-01 9.59217262e-01
406 6.75518962e-06 8.13883990e-01 8.13883990e-01 8.13883990e-01 8.13883990e-01
407 6.75618762e-06 7.25518393e-01 7.25518393e-01 7.25518393e-01 7.25518393e-01
408 6.75718563e-06 6.72653975e-01 6.72653975e-01 6.72653975e-01 6.72653975e-01
409 6.75818363e-06 6.41534860e-01 6.41534860e-01 6.41534860e-01 6.41534860e-01
410 6.75918164e-06 6.23509068e-01 6.23509068e-01 6.23509068e-01 6.23509068e-01
411 6.76017964e-06 6.13234036e-01 6.13234036e-01 6.13234036e-01 6.13234036e-01
412 6.76117764e-06 6.07470211e-01 6.07470211e-01 6.07470211e-01 6.07470211e-01
413 6.76217565e-06 6.04288265e-01 6.04288265e-01 6.04288265e-01 6.04288265e-01
414 6.76317365e-06 6.01220354e-01 6.01220354e-01 6.01220354e-01 6.01220354e-01
415 6.76417166e-06 6.00948451e-01 6.00948451e-01 6.00948451e-01 6.00948451e-01
416 6.76516966e-06 6.00642266e-01 6.00642266e-01 6.00642266e-01 6.00642266e-01
417 6.76616766e-06 6.00642266e-01 6.00642266e-01 6.00642266e-01 6.00642266e-01
418 6.76716567e-06 6.00642266e-01 6.00642266e-01 6.00642266e-01 6.00642266e-01
419 6.76816367e-06 6.00642266e-01 6.00642266e-01 6.00642266e-01 6.00642266e-01
420 6.76916168e-06 6.00642266e-01 6.00642266e-01 6.00642266e-01 6.00642266e-01
421 6.77015968e-06 6.00642266e-01 6.00642266e-01 6.00642266e-01 6.00642266e-01
422 6.77115768e-06 6.00642266e-01 6.00642266e-01 6.00642266e-01 6.00642266e-01
423 6.77215569e-06 6.00642266e-01 6.00642266e-01 6.00642266e-01 6.00642266e-01
424 6.77315369e-06 6.00642266e-01 6.00642266e-01 6.00642266e-01 6.00642266e-01
425 6.77415170e-06 6.00642266e-01 6.00642266e-01 6.00642266e-01 6.00642266e-01
426 6.77514970e-06 6.00642266e-01 6.00642266e-01 6.00642266e-01 6.00642266e-01
427 6.77614770e-06 6.00642266e-01 6.00642266e-01 6.00642266e-01 6.00642266e-01
428 6.77714571e-06 6.00642266e-01 6.00642266e-01 6.00642266e-01 6.00642266e-01
429 6.77814371e-06 6.00642266e-01 6.00642266e-01 6.00642266e-01 6.00642266e-01
430 6.77914172e-06 6.00642266e-01 6.00642266e-01 6.00642266e-01 6.00642266e-01
431 6.78013972e-06 6.00642266e-01 6.00642266e-01 6.00642266e-01 6.00642266e-01
432 6.78113772e-06 6.00642266e-01 6.00642266e-01 6.00642266e-01 6.00642266e-01
433 6.78213573e-06 6.00642266e-01 6.00642266e-01 6.00642266e-01 6.00642266e-01
434 6.78313373e-06 6.00642266e-01 6.00642266e-01 6.00642266e-01 6.00642266e-01
435 6.78413174e-06 6.00642266e-01 6.00642266e-01 6.00642266e-01 6.00642266e-01
436 6.78512974e-06 6.00642266e-01 6.00642266e-01 6.00642266e-01 6.00642266e-01
437 6.78612774e-06 6.00642266e-01 6.00642266e-01 6.00642266e-01 6.00642266e-01
438 6.78712575e-06 6.00642266e-01 6.00642266e-01 6.00642266e-01 6.00642266e-01
439 6.78812375e-06 6.00642266e-01 6.00642266e-01 6.00642266e-01 6.00642266e-01
440 6.78912176e-06 6.00642266e-01 6.00642266e-01 6.00642266e-01 6.00642266e-01
441 6.79011976e-06 6.00642266e-01 6.00642266e-01 6.00642266e-01 6.00642266e-01
442 6.79111776e-06 6.00642266e-01 6.00642266e-01 6.00642266e-01 6.00642266e-01
443 6.79211577e-06 6.00642266e-01 6.00642266e-01 6.00642266e-01 6.00642266e-01
444 6.79311377e-06 6.00642266e-01 6.00642266e-01 6.00642266e-01 6.00642266e-01
445 6.79411178e-06 6.00642266e-01 6.00642266e-01 6.00642266e-01 6.00642266e-01
446 6.79510978e-06 6.00642266e-01 6.00642266e-01 6.00642266e-01 6.00642266e-01
447 6.79610778e-06 6.00642266e-01 6.00642266e-01 6.00642266e-01 6.00642266e-01
448 6.79710579e-06 6.00642266e-01 6.00642266e-01 6.00642266e-01 6.00642266e-01
449 6.79810379e-06 6.00642266e-01 6.00642266e-01 6.00642266e-01 6.00642266e-01
450 6.79910180e-06 6.00642266e-01 6.00642266e-01 6.00642266e-01 6.00642266e-01
451 6.80009980e-06 6.00642266e-01 6.00642266e-01 6.00642266e-01 6.00642266e-01
452 6.80109780e-06 6.00642266e-01 6.00642266e-01 6.00642266e-01 6.00642266e-01
453 6.80209581e-06 6.00642266e-01 6.00642266e-01 6.00642266e-01 6.00642266e-01
454 6.80309381e-06 6.00642266e-01 6.00642266e-01 6.00642266e-01 6.00642266e-01
455 6.80409182e-06 6.00642266e-01 6.00642266e-01 6.00642266e-01 6.00642266e-01
456 6.80508982e-06 6.00642266e-01 6.00642266e-01 6.00642266e-01 6.00642266e-01
457 6.80608782e-06 6.00642266e-01 6.00642266e-01 6.00642266e-01 6.00642266e-01
458 6.80708583e-06 6.00642266e-01 6.00642266e-01 6.00642266e-01 6.00642266e-01
459 6.80808383e-06 6.00642266e-01 6.00642266e-01 6.00642266e-01 6.00642266e-01
460 6.80908184e-06 6.00642266e-01 6.00642266e-01 6.00642266e-01 6.00642266e-01
461 6.81007984e-06 6.00642266e-01 6.00642266e-01 6.00642266e-01 6.00642266e-01
462 6.81107784e-06 6.00642266e-01 6.00642266e-01 6.00642266e-01 6.00642266e-01
463 6.81207585e-06 6.00642266e-01 6.00642266e-01 6.00642266e-01 6.00642266e-01
464 6.81307385e-06 6.00642266e-01 6.00642266e-01 6.00642266e-01 6.00642266e-01
465 6.81407186e-06 6.00642266e-01 6.00642266e-01 6.00642266e-01 6.00642266e-01
466 6.81506986e-06 6.00642266e-01 6.00642266e-01 6.00642266e-01 6.00642266e-01
467 6.81606786e-06 6.00642266e-01 6.00642266e-01 6.00642266e-01 6.00642266e-01
468 6.81706587e-06 6.00642266e-01 6.00642266e-01 6.00642266e-01 6.00642266e-01
469 6.81806387e-06 6.00642266e-01 6.00642266e-01 6.00642266e-01 6.00642266e-01
470 6.81906188e-06 6.00642266e-01 6.00642266e-01 6.00642266e-01 6.00642266e-01
471 6.82005988e-06 6.00642266e-01 6.00642266e-01 6.00642266e-01 6.00642266e-01
472 6.82105788e-06 6.00642266e-01 6.00642266e-01 6.00642266e-01 6.00642266e-01
473 6.82205589e-06 6.00642266e-01 6.00642266e-01 6.00642266e-01 6.00642266e-01
474 6.82305389e-06 6.00642266e-01 6.00642266e-01 6.00642266e-01 6.00642266e-01
475 6.82405190e-06 6.00642266e-01 6.00642266e-01 6.00642266e-01 6.00642266e-01
476 6.82504990e-06 6.00642266e-01 6.00642266e-01 6.00642266e-01 6.00642266e-01
477 6.82604790e-06 6.00642266e-01 6.00642266e-01 6.00642266e-01 6.00642266e-01
478 6.82704591e-06 6.00642266e-01 6.00642266e-01 6.00642266e-01 6.00642266e-01
479 6.82804391e-06 6.00642266e-01 6.00642266e-01 6.00642266e-01 6.00642266e-01
480 6.82904192e-06 6.00642266e-01 6.00642266e-01 6.00642266e-01 6.00642266e-01
481 6.83003992e-06 6.00642266e-01 6.00642266e-01 6.00642266e-01 6.00642266e-01
482 6.83103792e-06 6.00642266e-01 6.00642266e-01 6.00642266e-01 6.00642266e-01
483 6.83203593e-06 6.00642266e-01 6.00642266e-01 6.00642266e-01 6.00642266e-01
484 6.83303393e-06 6.00642266e-01 6.00642266e-01 6.00642266e-01 6.00642266e-01
485 6.83403194e-06 6.00642266e-01 6.00642266e-01 6.00642266e-01 6.00642266e-01
486 6.83502994e-06 6.00642266e-01 6.00642266e-01 6.00642266e-01 6.00642266e-01
487 6.83602794e-06 6.00642266e-01 6.00642266e-01 6.00642266e-01 6.00642266e-01
488 6.83702595e-06 6.00642266e-01 6.00642266e-01 6.00642266e-01 6.00642266e-01
489 6.83802395e-06 6.00642266e-01 6.00642266e-01 6.00642266e-01 6.00642266e-01
490 6.83902196e-06 6.00642266e-01 6.00642266e-01 6.00642266e-01 6.00642266e-01
491 6.84001996e-06 6.00642266e-01 6.00642266e-01 6.00642266e-01 6.00642266e-01
492 6.84101796e-06 6.00642266e-01 6.00642266e-01 6.00642266e-01 6.00642266e-01
493 6.84201597e-06 6.00642266e-01 6.00642266e-01 6.00642266e-01 6.00642266e-01
494 6.84301397e-06 6.00642266e-01 6.00642266e-01 6.00642266e-01 6.00642266e-01
495 6.84401198e-06 6.00642266e-01 6.00642266e-01 6.00642266e-01 6.00642266e-01
496 6.84500998e-06 6.00642266e-01 6.00642266e-01 6.00642266e-01 6.00642266e-01
497 6.84600798e-06 6.00642266e-01 6.00642266e-01 6.00642266e-01 6.00642266e-01
498 6.84700599e-06 6.00642266e-01 6.00642266e-01 6.00642266e-01 6.00642266e-01
499 6.84800399e-06 6.00642266e-01 6.00642266e-01 6.00642266e-01 6.00642266e-01
500 6.84900200e-06 6.00642266e-01 6.00642266e-01 6.00642266e-01 6.00642266e-01
