# Bioscape Campaign: LVIS peak height distribution
6.117686767578125000e+02
3.588732604980468750e+02
4.602702331542968750e+02
4.616258239746093750e+02
5.980014648437500000e+02
4.376036071777343750e+02
5.024339294433593750e+02
5.522854614257812500e+02
6.116467285156250000e+02
5.811177368164062500e+02
5.115175476074218750e+02
6.334677734375000000e+02
5.797288818359375000e+02
4.996731567382812500e+02
4.542636413574218750e+02
6.115037841796875000e+02
6.948941040039062500e+02
5.036152038574218750e+02
6.100789184570312500e+02
6.404921264648437500e+02
6.973756103515625000e+02
6.252732543945312500e+02
5.299481201171875000e+02
5.148709106445312500e+02
5.777255859375000000e+02
6.109187011718750000e+02
5.408882446289062500e+02
4.207240600585937500e+02
4.647007141113281250e+02
4.286160583496093750e+02
5.359271850585937500e+02
5.041044616699218750e+02
5.344733276367187500e+02
5.313867187500000000e+02
5.311935424804687500e+02
5.671154785156250000e+02
3.605971374511718750e+02
4.890945129394531250e+02
4.426175842285156250e+02
5.313321533203125000e+02
6.293157348632812500e+02
4.983719787597656250e+02
4.991148376464843750e+02
4.721906433105468750e+02
4.917695922851562500e+02
4.370198364257812500e+02
4.861293029785156250e+02
3.925200805664062500e+02
3.850437927246093750e+02
5.553709716796875000e+02
4.244476623535156250e+02
4.087190246582031250e+02
4.055285644531250000e+02
5.596328735351562500e+02
4.392738037109375000e+02
5.081637573242187500e+02
5.429179687500000000e+02
4.756669921875000000e+02
5.226704711914062500e+02
6.093587646484375000e+02
4.345566101074218750e+02
4.236783447265625000e+02
5.070802612304687500e+02
3.834267272949218750e+02
3.955268554687500000e+02
3.958309326171875000e+02
4.644955444335937500e+02
4.118551330566406250e+02
3.549392395019531250e+02
3.976306152343750000e+02
5.540399780273437500e+02
6.205512084960937500e+02
5.503721313476562500e+02
4.038315734863281250e+02
4.405750427246093750e+02
4.398681030273437500e+02
5.358032226562500000e+02
5.184470214843750000e+02
5.000030517578125000e+02
4.208752136230468750e+02
4.365439147949218750e+02
4.993620605468750000e+02
5.690994262695312500e+02
3.752248840332031250e+02
4.265113525390625000e+02
4.657579956054687500e+02
4.334044189453125000e+02
4.822863159179687500e+02
5.188751220703125000e+02
5.189456176757812500e+02
5.749143066406250000e+02
6.059472656250000000e+02
6.578572998046875000e+02
5.155684204101562500e+02
4.967997741699218750e+02
5.385894775390625000e+02
6.199984741210937500e+02
6.098492431640625000e+02
5.945834960937500000e+02
4.849035949707031250e+02
4.367158203125000000e+02
5.021122436523437500e+02
7.373940429687500000e+02
6.775040283203125000e+02
7.357600708007812500e+02
6.925889282226562500e+02
8.654539794921875000e+02
6.524641723632812500e+02
8.309637451171875000e+02
7.561618652343750000e+02
8.470703735351562500e+02
7.435144653320312500e+02
8.061925048828125000e+02
4.015958251953125000e+02
5.487380981445312500e+02
4.736671142578125000e+02
6.287273559570312500e+02
4.654163208007812500e+02
4.677315673828125000e+02
5.902210693359375000e+02
6.722000122070312500e+02
5.593830566406250000e+02
5.542276000976562500e+02
5.808622436523437500e+02
5.129949951171875000e+02
4.895292968750000000e+02
5.347595825195312500e+02
4.347008972167968750e+02
5.138548583984375000e+02
4.068473510742187500e+02
4.909728088378906250e+02
3.539020996093750000e+02
7.395784301757812500e+02
6.529017944335937500e+02
6.051990356445312500e+02
5.089558715820312500e+02
5.999157714843750000e+02
6.052152099609375000e+02
6.598915405273437500e+02
5.330072631835937500e+02
5.369213256835937500e+02
4.873310852050781250e+02
5.987776489257812500e+02
4.556177062988281250e+02
3.874136962890625000e+02
5.025683898925781250e+02
4.537407226562500000e+02
4.862829895019531250e+02
3.841008300781250000e+02
4.293179931640625000e+02
4.215661010742187500e+02
5.259261474609375000e+02
4.904317016601562500e+02
3.808575134277343750e+02
6.497444458007812500e+02
5.648697509765625000e+02
4.133477478027343750e+02
4.180860595703125000e+02
3.387511596679687500e+02
4.554991760253906250e+02
3.972476196289062500e+02
5.137382202148437500e+02
4.065381164550781250e+02
5.837403564453125000e+02
3.767922058105468750e+02
5.989606933593750000e+02
5.233734130859375000e+02
3.847206115722656250e+02
4.613211975097656250e+02
4.042387695312500000e+02
4.767712097167968750e+02
5.890559082031250000e+02
4.900380554199218750e+02
4.763729858398437500e+02
4.538551940917968750e+02
4.696266784667968750e+02
3.694449768066406250e+02
4.992723693847656250e+02
3.957649841308593750e+02
5.489105834960937500e+02
4.161526794433593750e+02
4.424621276855468750e+02
4.505631713867187500e+02
3.869259948730468750e+02
4.559230041503906250e+02
4.967361450195312500e+02
5.586099243164062500e+02
4.174599914550781250e+02
4.447609252929687500e+02
4.056796264648437500e+02
4.614087524414062500e+02
3.600502929687500000e+02
4.059361267089843750e+02
4.633289184570312500e+02
3.716073303222656250e+02
5.821389770507812500e+02
4.797806701660156250e+02
4.814188537597656250e+02
5.670698242187500000e+02
6.224588623046875000e+02
5.580352172851562500e+02
7.138654174804687500e+02
6.125734252929687500e+02
6.142191772460937500e+02
5.948205566406250000e+02
7.086691284179687500e+02
6.187574462890625000e+02
6.380477294921875000e+02
7.030106201171875000e+02
4.631876525878906250e+02
5.259246826171875000e+02
5.275135498046875000e+02
5.583239135742187500e+02
5.531540527343750000e+02
5.951746215820312500e+02
5.313263549804687500e+02
5.283109741210937500e+02
4.525705566406250000e+02
5.546333618164062500e+02
4.609536743164062500e+02
4.846297302246093750e+02
4.888426818847656250e+02
5.922488403320312500e+02
5.404057006835937500e+02
4.820661926269531250e+02
5.018427734375000000e+02
5.675375366210937500e+02
6.241757202148437500e+02
5.532553710937500000e+02
5.582535400390625000e+02
4.662803649902343750e+02
4.003024291992187500e+02
4.229876708984375000e+02
3.473337402343750000e+02
3.631722106933593750e+02
4.796001892089843750e+02
3.977922058105468750e+02
4.398429870605468750e+02
4.530770568847656250e+02
4.328083190917968750e+02
5.133356933593750000e+02
5.402731323242187500e+02
6.188486328125000000e+02
5.119830932617187500e+02
5.256395263671875000e+02
5.119716186523437500e+02
6.414440917968750000e+02
5.496962280273437500e+02
4.140381774902343750e+02
6.304767456054687500e+02
5.373570556640625000e+02
5.718098144531250000e+02
4.748578491210937500e+02
5.166629638671875000e+02
5.479515380859375000e+02
3.766185607910156250e+02
4.103217163085937500e+02
3.972631835937500000e+02
3.643077087402343750e+02
3.694475097656250000e+02
4.237716674804687500e+02
4.140366210937500000e+02
3.777328186035156250e+02
4.347925415039062500e+02
3.565992126464843750e+02
4.049736938476562500e+02
3.995759582519531250e+02
4.327999877929687500e+02
4.810413208007812500e+02
4.091024475097656250e+02
4.202977905273437500e+02
4.173189086914062500e+02
4.468753662109375000e+02
5.277667236328125000e+02
3.472378845214843750e+02
5.250134277343750000e+02
3.960494079589843750e+02
5.338619384765625000e+02
3.778304443359375000e+02
5.187090454101562500e+02
3.981544799804687500e+02
4.062605285644531250e+02
4.049605712890625000e+02
6.841488647460937500e+02
3.686260375976562500e+02
5.033111877441406250e+02
4.056453857421875000e+02
4.377277832031250000e+02
5.014576416015625000e+02
4.461262207031250000e+02
4.638625183105468750e+02
4.033639221191406250e+02
4.555039672851562500e+02
4.910915527343750000e+02
4.611871948242187500e+02
4.199426269531250000e+02
4.123707885742187500e+02
5.508377685546875000e+02
4.646357421875000000e+02
4.467268981933593750e+02
4.430762329101562500e+02
4.298080139160156250e+02
4.146424865722656250e+02
4.655722351074218750e+02
4.869920043945312500e+02
5.539998779296875000e+02
4.496578369140625000e+02
5.471645507812500000e+02
3.746209411621093750e+02
3.618775634765625000e+02
4.219548034667968750e+02
3.976740112304687500e+02
3.910906372070312500e+02
4.766303710937500000e+02
4.994962158203125000e+02
5.322673339843750000e+02
5.460259399414062500e+02
5.235535888671875000e+02
4.487402954101562500e+02
5.431961669921875000e+02
4.715994262695312500e+02
4.245149536132812500e+02
4.263052978515625000e+02
5.181265258789062500e+02
4.222783508300781250e+02
4.354192199707031250e+02
5.500476074218750000e+02
5.047672119140625000e+02
4.557935180664062500e+02
3.822985229492187500e+02
4.082349548339843750e+02
4.406221618652343750e+02
4.845312805175781250e+02
4.915862731933593750e+02
4.988551330566406250e+02
5.975499877929687500e+02
5.154421997070312500e+02
6.283236083984375000e+02
5.378618164062500000e+02
6.153640747070312500e+02
6.611793212890625000e+02
6.087507324218750000e+02
6.573317260742187500e+02
5.423139648437500000e+02
5.923833618164062500e+02
4.551891174316406250e+02
4.787835388183593750e+02
4.264564819335937500e+02
5.017269592285156250e+02
4.424540100097656250e+02
4.556901245117187500e+02
4.492610778808593750e+02
4.208526000976562500e+02
4.279444274902343750e+02
4.457111511230468750e+02
4.460639648437500000e+02
4.624455566406250000e+02
3.964874572753906250e+02
4.809541931152343750e+02
3.501746215820312500e+02
4.599033203125000000e+02
4.328639526367187500e+02
5.428687133789062500e+02
4.852528991699218750e+02
3.714669494628906250e+02
4.050437622070312500e+02
4.135627441406250000e+02
4.542418823242187500e+02
4.160389404296875000e+02
4.197505798339843750e+02
4.080828247070312500e+02
6.009711303710937500e+02
5.230659790039062500e+02
5.470665283203125000e+02
5.274540405273437500e+02
5.576518554687500000e+02
5.085810546875000000e+02
5.201235351562500000e+02
4.903632812500000000e+02
4.686904296875000000e+02
4.350301513671875000e+02
3.632031250000000000e+02
4.423475646972656250e+02
7.323485107421875000e+02
6.665640869140625000e+02
5.600672607421875000e+02
6.427534790039062500e+02
6.332810668945312500e+02
3.996007690429687500e+02
7.049219360351562500e+02
4.499652709960937500e+02
5.816127929687500000e+02
6.738921508789062500e+02
4.792105712890625000e+02
6.548873291015625000e+02
4.613484802246093750e+02
6.151771850585937500e+02
6.860654296875000000e+02
7.362758178710937500e+02
6.888322753906250000e+02
7.028051147460937500e+02
6.878671264648437500e+02
7.551162109375000000e+02
7.015069580078125000e+02
8.028784790039062500e+02
6.763236694335937500e+02
7.544042968750000000e+02
8.001558227539062500e+02
8.124028930664062500e+02
8.198153686523437500e+02
8.423978271484375000e+02
8.468943481445312500e+02
8.178905029296875000e+02
8.363123168945312500e+02
7.234448242187500000e+02
8.057346191406250000e+02
7.798432617187500000e+02
7.928364868164062500e+02
6.536077880859375000e+02
6.467831420898437500e+02
6.873524169921875000e+02
5.889338989257812500e+02
5.879956665039062500e+02
5.674408569335937500e+02
5.888052368164062500e+02
5.698648681640625000e+02
5.227118530273437500e+02
5.827331542968750000e+02
4.608351745605468750e+02
5.037395324707031250e+02
4.800310974121093750e+02
5.603054809570312500e+02
3.756804809570312500e+02
5.383723754882812500e+02
5.055433044433593750e+02
5.357008056640625000e+02
4.819728088378906250e+02
4.893385925292968750e+02
4.886619567871093750e+02
4.313784179687500000e+02
4.826288757324218750e+02
5.937947387695312500e+02
5.663672485351562500e+02
6.139949340820312500e+02
5.957582397460937500e+02
6.519242553710937500e+02
5.405640869140625000e+02
5.886079711914062500e+02
5.858040161132812500e+02
5.837071533203125000e+02
5.513654785156250000e+02
5.251419067382812500e+02
5.220562133789062500e+02
5.463339843750000000e+02
5.785516357421875000e+02
5.426494750976562500e+02
5.472664184570312500e+02
6.351037597656250000e+02
6.239509887695312500e+02
5.738637695312500000e+02
5.625249633789062500e+02
6.009779052734375000e+02
5.858393554687500000e+02
6.256770019531250000e+02
5.988758544921875000e+02
5.104645690917968750e+02
5.446862182617187500e+02
5.113937988281250000e+02
5.901661376953125000e+02
5.627005615234375000e+02
6.320210571289062500e+02
5.661066894531250000e+02
5.828339843750000000e+02
5.551010131835937500e+02
5.619471435546875000e+02
5.493019409179687500e+02
5.638749389648437500e+02
4.819044189453125000e+02
8.189804077148437500e+02
5.804342041015625000e+02
7.048407592773437500e+02
7.425511474609375000e+02
7.162799072265625000e+02
7.026604003906250000e+02
6.973270263671875000e+02
7.123294677734375000e+02
6.902537841796875000e+02
7.735944213867187500e+02
6.951760864257812500e+02
7.228141479492187500e+02
6.617716674804687500e+02
7.389549560546875000e+02
8.072343139648437500e+02
6.741602172851562500e+02
7.686560668945312500e+02
8.087937622070312500e+02
9.000426635742187500e+02
7.614892578125000000e+02
9.207596435546875000e+02
9.019852905273437500e+02
9.750660400390625000e+02
7.157536010742187500e+02
8.984506835937500000e+02
6.723360595703125000e+02
7.639257812500000000e+02
6.409268798828125000e+02
7.030255126953125000e+02
5.441759033203125000e+02
6.594144897460937500e+02
5.477882080078125000e+02
6.659360961914062500e+02
5.950412597656250000e+02
6.313242797851562500e+02
4.912755126953125000e+02
5.870069580078125000e+02
5.803582153320312500e+02
5.737704467773437500e+02
5.155606079101562500e+02
6.305220947265625000e+02
5.349603271484375000e+02
6.889779663085937500e+02
4.886681823730468750e+02
5.496520996093750000e+02
3.685911254882812500e+02
5.995065307617187500e+02
6.336347045898437500e+02
5.151383056640625000e+02
6.587627563476562500e+02
5.747984008789062500e+02
7.367501220703125000e+02
5.627041625976562500e+02
6.942525634765625000e+02
6.312834472656250000e+02
5.769816284179687500e+02
8.002175292968750000e+02
7.412813110351562500e+02
7.236460571289062500e+02
7.449019775390625000e+02
7.630341796875000000e+02
7.370466308593750000e+02
8.717778320312500000e+02
8.197753906250000000e+02
9.224801635742187500e+02
8.375724487304687500e+02
9.534317626953125000e+02
7.787801513671875000e+02
8.367194824218750000e+02
7.760159301757812500e+02
7.345550537109375000e+02
5.676265869140625000e+02
7.947265625000000000e+02
7.639416503906250000e+02
7.768789062500000000e+02
7.687530517578125000e+02
7.940584716796875000e+02
8.000119018554687500e+02
8.853558349609375000e+02
7.828514404296875000e+02
8.317408447265625000e+02
7.978886108398437500e+02
8.196603393554687500e+02
8.165114746093750000e+02
8.531879272460937500e+02
8.419646606445312500e+02
9.167467651367187500e+02
8.758691406250000000e+02
9.116246948242187500e+02
8.196798706054687500e+02
8.490303955078125000e+02
7.784027709960937500e+02
8.653225097656250000e+02
7.868325805664062500e+02
8.815944824218750000e+02
8.075556030273437500e+02
8.714476928710937500e+02
8.233412475585937500e+02
5.335426025390625000e+02
4.954620361328125000e+02
3.738670959472656250e+02
4.799885253906250000e+02
4.534272155761718750e+02
6.920669555664062500e+02
4.983489990234375000e+02
7.569467163085937500e+02
5.592739257812500000e+02
7.515311279296875000e+02
5.488998413085937500e+02
8.033049926757812500e+02
4.950307006835937500e+02
7.210936889648437500e+02
4.217383422851562500e+02
7.720716552734375000e+02
6.114640502929687500e+02
7.944734497070312500e+02
6.304166870117187500e+02
7.728953857421875000e+02
7.396375122070312500e+02
6.587321777343750000e+02
6.404026489257812500e+02
7.466675415039062500e+02
7.794765625000000000e+02
7.272323608398437500e+02
6.891159667968750000e+02
8.306718139648437500e+02
7.845028076171875000e+02
9.560236816406250000e+02
8.410516357421875000e+02
9.565906372070312500e+02
8.526660156250000000e+02
9.149378662109375000e+02
8.158458251953125000e+02
8.222391357421875000e+02
6.974081420898437500e+02
6.667153930664062500e+02
7.345411376953125000e+02
7.372293701171875000e+02
7.056043701171875000e+02
7.551046752929687500e+02
6.738212890625000000e+02
8.268737792968750000e+02
7.762058715820312500e+02
7.810051269531250000e+02
7.247626953125000000e+02
7.534876708984375000e+02
6.905534667968750000e+02
5.977642211914062500e+02
7.516362915039062500e+02
7.387540893554687500e+02
5.571750488281250000e+02
5.093439331054687500e+02
5.569884033203125000e+02
6.143325805664062500e+02
5.382615356445312500e+02
4.796145324707031250e+02
6.077258300781250000e+02
5.854725341796875000e+02
5.408848876953125000e+02
5.598023071289062500e+02
5.252609252929687500e+02
6.838638916015625000e+02
5.757147216796875000e+02
6.781697387695312500e+02
6.566132202148437500e+02
6.862434692382812500e+02
6.285251464843750000e+02
7.857632446289062500e+02
6.426972656250000000e+02
8.930100708007812500e+02
7.052203979492187500e+02
7.356009521484375000e+02
7.460330200195312500e+02
8.760911254882812500e+02
7.067156982421875000e+02
8.532307739257812500e+02
6.451259765625000000e+02
8.219271240234375000e+02
6.649543457031250000e+02
7.236682739257812500e+02
6.761370849609375000e+02
7.174642333984375000e+02
6.837520141601562500e+02
7.182905273437500000e+02
6.612708129882812500e+02
7.085204467773437500e+02
6.709090576171875000e+02
7.592313842773437500e+02
6.234169311523437500e+02
7.753748779296875000e+02
6.986260375976562500e+02
6.592489624023437500e+02
7.261561889648437500e+02
6.108316650390625000e+02
5.634389038085937500e+02
6.199727172851562500e+02
7.280641479492187500e+02
6.800490112304687500e+02
6.088222656250000000e+02
7.129351196289062500e+02
6.502773437500000000e+02
6.853673095703125000e+02
6.698466796875000000e+02
6.298458251953125000e+02
6.234397583007812500e+02
4.953967285156250000e+02
5.300907592773437500e+02
6.022973022460937500e+02
5.863208618164062500e+02
6.246234741210937500e+02
5.738609619140625000e+02
6.569375000000000000e+02
5.774299316406250000e+02
7.387977294921875000e+02
8.032150878906250000e+02
6.043804931640625000e+02
5.129770507812500000e+02
5.454963378906250000e+02
4.753878784179687500e+02
5.919896850585937500e+02
5.310570068359375000e+02
5.638631591796875000e+02
7.059049072265625000e+02
5.418640136718750000e+02
5.852726440429687500e+02
6.774636840820312500e+02
6.226804199218750000e+02
6.861427001953125000e+02
6.050557861328125000e+02
5.557999877929687500e+02
5.042614135742187500e+02
6.350520019531250000e+02
5.727680664062500000e+02
7.319022216796875000e+02
3.891891479492187500e+02
6.150328369140625000e+02
5.814668579101562500e+02
4.726728210449218750e+02
6.773631591796875000e+02
5.391959228515625000e+02
6.401530151367187500e+02
5.294109497070312500e+02
5.909223632812500000e+02
5.687643432617187500e+02
4.155694274902343750e+02
4.198530578613281250e+02
4.479888916015625000e+02
5.523692626953125000e+02
4.812883605957031250e+02
5.626007690429687500e+02
4.877763061523437500e+02
6.502780761718750000e+02
5.567394409179687500e+02
7.855256958007812500e+02
5.374020385742187500e+02
6.293806152343750000e+02
6.218356323242187500e+02
6.833126831054687500e+02
6.063990478515625000e+02
6.222293090820312500e+02
6.998408203125000000e+02
6.248899536132812500e+02
8.042205810546875000e+02
8.320518188476562500e+02
6.842176513671875000e+02
7.788419189453125000e+02
6.352969360351562500e+02
8.842324829101562500e+02
7.556589355468750000e+02
7.030450439453125000e+02
7.483731079101562500e+02
8.062753906250000000e+02
7.277894897460937500e+02
7.213859252929687500e+02
7.782419433593750000e+02
6.499838256835937500e+02
8.479575195312500000e+02
8.050493774414062500e+02
7.353772583007812500e+02
7.144676513671875000e+02
7.268541870117187500e+02
5.860122070312500000e+02
6.653989868164062500e+02
7.508723754882812500e+02
5.110270080566406250e+02
5.961841430664062500e+02
6.680961914062500000e+02
7.445179443359375000e+02
6.632053222656250000e+02
5.943241577148437500e+02
4.596081542968750000e+02
5.925241699218750000e+02
6.717857055664062500e+02
7.259637451171875000e+02
5.676758422851562500e+02
7.210802612304687500e+02
5.968476562500000000e+02
6.875068359375000000e+02
7.695593261718750000e+02
8.839136352539062500e+02
7.939248046875000000e+02
8.007051391601562500e+02
7.420977172851562500e+02
8.418952636718750000e+02
7.695569458007812500e+02
8.794757080078125000e+02
7.829905395507812500e+02
8.744129028320312500e+02
7.382728271484375000e+02
9.010726318359375000e+02
7.843005371093750000e+02
9.401830444335937500e+02
7.634479980468750000e+02
8.890099487304687500e+02
7.857396240234375000e+02
8.541072998046875000e+02
8.301937866210937500e+02
9.660897827148437500e+02
9.202687377929687500e+02
9.762700195312500000e+02
9.513271484375000000e+02
9.088248901367187500e+02
7.947282104492187500e+02
9.683498535156250000e+02
9.262302856445312500e+02
8.194812011718750000e+02
9.285803222656250000e+02
8.925179443359375000e+02
9.233206787109375000e+02
9.778251953125000000e+02
9.276080932617187500e+02
9.600116577148437500e+02
9.551481323242187500e+02
9.819822387695312500e+02
8.835989379882812500e+02
9.724617309570312500e+02
8.778807983398437500e+02
9.203009643554687500e+02
9.444178466796875000e+02
8.378401489257812500e+02
8.513743286132812500e+02
9.131665039062500000e+02
8.510911865234375000e+02
8.983781127929687500e+02
9.494083862304687500e+02
9.443449096679687500e+02
9.988101806640625000e+02
9.503529663085937500e+02
9.751719360351562500e+02
8.428293457031250000e+02
9.173203125000000000e+02
7.705383911132812500e+02
9.554636230468750000e+02
7.900742797851562500e+02
9.429915771484375000e+02
8.353548583984375000e+02
8.649204711914062500e+02
7.558895263671875000e+02
7.469207763671875000e+02
6.805025634765625000e+02
7.121234741210937500e+02
9.501683349609375000e+02
8.430598144531250000e+02
9.392211914062500000e+02
8.296711425781250000e+02
9.434262084960937500e+02
9.265193481445312500e+02
9.592150268554687500e+02
9.987078247070312500e+02
9.154385986328125000e+02
9.029104003906250000e+02
9.278511962890625000e+02
9.211443481445312500e+02
9.552056274414062500e+02
7.782573242187500000e+02
9.761557617187500000e+02
8.104519653320312500e+02
8.787044067382812500e+02
8.490264282226562500e+02
7.546751708984375000e+02
6.058643798828125000e+02
7.033353271484375000e+02
6.177801513671875000e+02
7.118258056640625000e+02
6.316334228515625000e+02
6.622265625000000000e+02
5.642546386718750000e+02
4.722721252441406250e+02
5.404400634765625000e+02
5.660101928710937500e+02
4.375808410644531250e+02
4.571448059082031250e+02
4.509473876953125000e+02
5.045946350097656250e+02
6.605803222656250000e+02
6.227935791015625000e+02
6.785036621093750000e+02
6.696519775390625000e+02
6.769655761718750000e+02
7.530852050781250000e+02
6.031822509765625000e+02
7.596685180664062500e+02
6.600098266601562500e+02
7.833730468750000000e+02
7.755343627929687500e+02
7.407188110351562500e+02
7.690797119140625000e+02
8.088278808593750000e+02
6.928930053710937500e+02
6.147332763671875000e+02
6.583012695312500000e+02
7.274273681640625000e+02
7.056869506835937500e+02
8.036596069335937500e+02
7.355350341796875000e+02
7.811622924804687500e+02
8.995646972656250000e+02
7.036395263671875000e+02
8.603415527343750000e+02
8.102419433593750000e+02
9.391646728515625000e+02
8.652328491210937500e+02
7.709309082031250000e+02
8.235178833007812500e+02
7.395381469726562500e+02
7.812657470703125000e+02
7.536239624023437500e+02
7.656587524414062500e+02
4.780176391601562500e+02
6.481262207031250000e+02
5.584902954101562500e+02
7.171281127929687500e+02
4.649838562011718750e+02
5.799455566406250000e+02
6.217362670898437500e+02
4.109346313476562500e+02
4.735932312011718750e+02
4.564869384765625000e+02
5.494772949218750000e+02
5.949008789062500000e+02
6.834638671875000000e+02
7.157137451171875000e+02
7.152672119140625000e+02
6.929053344726562500e+02
7.353658447265625000e+02
8.326695556640625000e+02
8.797779541015625000e+02
8.992327270507812500e+02
9.471567993164062500e+02
8.734227294921875000e+02
8.781708374023437500e+02
9.379842529296875000e+02
8.504711303710937500e+02
6.920419921875000000e+02
9.046926879882812500e+02
8.668457641601562500e+02
5.940684814453125000e+02
6.982838134765625000e+02
8.546605834960937500e+02
8.342579345703125000e+02
5.502718505859375000e+02
6.484103393554687500e+02
4.283144531250000000e+02
6.918745727539062500e+02
5.352967529296875000e+02
6.682070312500000000e+02
6.855570678710937500e+02
6.652297363281250000e+02
4.816654052734375000e+02
5.774109497070312500e+02
7.524341430664062500e+02
6.608232421875000000e+02
4.858677978515625000e+02
6.413500976562500000e+02
6.055360107421875000e+02
6.684809570312500000e+02
5.015257873535156250e+02
5.555942993164062500e+02
5.048326110839843750e+02
5.859318847656250000e+02
5.022115783691406250e+02
5.592418212890625000e+02
4.387148437500000000e+02
5.037232971191406250e+02
5.763211059570312500e+02
6.742041015625000000e+02
6.047808227539062500e+02
5.792983398437500000e+02
4.434607849121093750e+02
5.275072631835937500e+02
4.670419616699218750e+02
4.930599975585937500e+02
7.175845947265625000e+02
4.284726562500000000e+02
5.656344604492187500e+02
5.616217651367187500e+02
7.251191406250000000e+02
6.235194702148437500e+02
6.855521240234375000e+02
5.867288208007812500e+02
6.051797485351562500e+02
5.486685791015625000e+02
5.246571655273437500e+02
6.233745727539062500e+02
6.252633666992187500e+02
5.580825805664062500e+02
5.352845458984375000e+02
4.117167358398437500e+02
6.396491699218750000e+02
4.436362915039062500e+02
4.864891052246093750e+02
5.161644897460937500e+02
4.393301086425781250e+02
6.915565795898437500e+02
4.289227905273437500e+02
5.137717285156250000e+02
5.754254760742187500e+02
4.752058410644531250e+02
4.718569641113281250e+02
4.957971801757812500e+02
5.252919921875000000e+02
5.854788208007812500e+02
4.415120849609375000e+02
7.003383789062500000e+02
5.118306579589843750e+02
4.714315490722656250e+02
5.251687622070312500e+02
6.155455322265625000e+02
5.570342407226562500e+02
5.436996459960937500e+02
8.661760253906250000e+02
6.196181640625000000e+02
6.611449584960937500e+02
4.783121948242187500e+02
5.401710815429687500e+02
4.903419494628906250e+02
6.304140014648437500e+02
6.213394775390625000e+02
4.566203308105468750e+02
6.564923706054687500e+02
4.353258666992187500e+02
5.569154663085937500e+02
5.459567871093750000e+02
5.099536743164062500e+02
4.265913391113281250e+02
4.289694519042968750e+02
5.859457397460937500e+02
6.959410400390625000e+02
5.604197998046875000e+02
6.604562377929687500e+02
6.072235107421875000e+02
6.426726074218750000e+02
5.390549316406250000e+02
5.770652465820312500e+02
5.716109008789062500e+02
4.707887878417968750e+02
6.789890136718750000e+02
5.408541870117187500e+02
4.474805297851562500e+02
6.255848999023437500e+02
5.365457763671875000e+02
5.754982910156250000e+02
5.202124023437500000e+02
5.331015625000000000e+02
4.654524841308593750e+02
5.347815551757812500e+02
5.948417968750000000e+02
6.687327880859375000e+02
5.424526367187500000e+02
5.760438232421875000e+02
5.326255493164062500e+02
5.611257324218750000e+02
5.014976196289062500e+02
6.255520019531250000e+02
4.251959228515625000e+02
5.170191040039062500e+02
4.748807678222656250e+02
3.835989379882812500e+02
4.930111694335937500e+02
5.320148315429687500e+02
6.832792968750000000e+02
5.859417724609375000e+02
5.886590576171875000e+02
5.162196655273437500e+02
6.340879516601562500e+02
4.573867797851562500e+02
5.491593627929687500e+02
5.273485107421875000e+02
4.827175598144531250e+02
6.438471679687500000e+02
4.163258666992187500e+02
6.398193969726562500e+02
5.472338256835937500e+02
4.907015991210937500e+02
4.868264160156250000e+02
5.600340576171875000e+02
5.235776977539062500e+02
5.060545043945312500e+02
4.711620178222656250e+02
3.953669738769531250e+02
3.869836425781250000e+02
3.569075622558593750e+02
4.817452087402343750e+02
5.200726928710937500e+02
5.572619628906250000e+02
4.955527648925781250e+02
5.089960327148437500e+02
5.264268188476562500e+02
4.758755798339843750e+02
5.380441894531250000e+02
4.406915283203125000e+02
5.871961059570312500e+02
6.495411376953125000e+02
7.550314941406250000e+02
6.262239990234375000e+02
5.542484741210937500e+02
5.215841674804687500e+02
3.867865295410156250e+02
6.661276245117187500e+02
5.286682128906250000e+02
6.439753417968750000e+02
4.566534118652343750e+02
7.179383544921875000e+02
5.671387939453125000e+02
6.493495483398437500e+02
7.189247436523437500e+02
6.953375854492187500e+02
5.764274902343750000e+02
4.679165344238281250e+02
5.007732849121093750e+02
5.116797180175781250e+02
5.916493530273437500e+02
4.044533996582031250e+02
4.974535827636718750e+02
5.024714965820312500e+02
5.483374633789062500e+02
5.104732360839843750e+02
7.164650268554687500e+02
6.626585083007812500e+02
7.230998535156250000e+02
4.706140136718750000e+02
7.176095581054687500e+02
6.189176635742187500e+02
5.388767700195312500e+02
6.892481689453125000e+02
8.945599365234375000e+02
5.915389404296875000e+02
7.458502807617187500e+02
7.734755249023437500e+02
8.100255737304687500e+02
7.133703002929687500e+02
7.384072265625000000e+02
7.427168579101562500e+02
4.861997985839843750e+02
9.869276733398437500e+02
4.944146423339843750e+02
6.264930419921875000e+02
5.693634033203125000e+02
6.506566162109375000e+02
5.341058959960937500e+02
5.405294189453125000e+02
5.040097961425781250e+02
5.100911560058593750e+02
4.604911499023437500e+02
6.329010620117187500e+02
5.124111328125000000e+02
6.095817260742187500e+02
5.170969848632812500e+02
4.728296508789062500e+02
5.734709472656250000e+02
4.479638671875000000e+02
5.434401245117187500e+02
4.472922973632812500e+02
6.681082153320312500e+02
6.063562622070312500e+02
7.139722290039062500e+02
6.863540649414062500e+02
6.780197753906250000e+02
5.180878906250000000e+02
6.749320068359375000e+02
6.174282226562500000e+02
5.361640625000000000e+02
4.213222045898437500e+02
4.830137939453125000e+02
5.410542602539062500e+02
4.746448974609375000e+02
4.411186218261718750e+02
5.316412353515625000e+02
6.142348022460937500e+02
3.322639465332031250e+02
5.675830688476562500e+02
5.038280334472656250e+02
6.450409545898437500e+02
6.065883178710937500e+02
6.515337524414062500e+02
5.973004150390625000e+02
6.817344360351562500e+02
5.557534179687500000e+02
6.845951538085937500e+02
7.096882934570312500e+02
8.113180541992187500e+02
7.530424194335937500e+02
5.962006835937500000e+02
6.580067138671875000e+02
5.905642089843750000e+02
8.201958007812500000e+02
5.579760131835937500e+02
6.527485351562500000e+02
6.532570800781250000e+02
5.421708374023437500e+02
6.777376708984375000e+02
5.072845764160156250e+02
6.524443359375000000e+02
5.651954345703125000e+02
5.520404052734375000e+02
5.532244262695312500e+02
5.848518066406250000e+02
5.200256347656250000e+02
4.187250671386718750e+02
5.630223999023437500e+02
4.463116760253906250e+02
5.561648559570312500e+02
4.555920715332031250e+02
5.687455444335937500e+02
6.614105834960937500e+02
5.044814147949218750e+02
6.202686157226562500e+02
6.951032714843750000e+02
6.639765014648437500e+02
7.631574707031250000e+02
5.072615051269531250e+02
6.803847656250000000e+02
7.661972045898437500e+02
6.881878051757812500e+02
6.372949829101562500e+02
6.613905639648437500e+02
7.937954101562500000e+02
8.528265991210937500e+02
5.363332519531250000e+02
7.580354003906250000e+02
6.005521240234375000e+02
4.124380798339843750e+02
7.916555175781250000e+02
4.379810485839843750e+02
8.062170410156250000e+02
6.197715454101562500e+02
8.501771240234375000e+02
7.454645385742187500e+02
7.568093872070312500e+02
5.741460571289062500e+02
7.438059692382812500e+02
6.272912597656250000e+02
6.433648681640625000e+02
5.711444091796875000e+02
6.978078002929687500e+02
6.315404663085937500e+02
6.533754882812500000e+02
4.417441101074218750e+02
6.284128417968750000e+02
3.711656799316406250e+02
7.511030273437500000e+02
4.678723449707031250e+02
7.159955444335937500e+02
5.712548828125000000e+02
6.482055053710937500e+02
4.676309509277343750e+02
6.734300537109375000e+02
5.917859497070312500e+02
6.157829589843750000e+02
7.416779174804687500e+02
6.337341308593750000e+02
7.381182250976562500e+02
5.434039306640625000e+02
6.246801147460937500e+02
9.559166259765625000e+02
6.180587158203125000e+02
9.405698852539062500e+02
7.745907592773437500e+02
8.874858398437500000e+02
8.330181274414062500e+02
9.028687744140625000e+02
9.003863525390625000e+02
8.546738891601562500e+02
7.747489013671875000e+02
8.282142333984375000e+02
8.629380493164062500e+02
7.114147949218750000e+02
7.538415527343750000e+02
8.569218139648437500e+02
8.301799316406250000e+02
8.082362670898437500e+02
7.860057983398437500e+02
6.704035644531250000e+02
7.716263427734375000e+02
7.150869140625000000e+02
6.412485961914062500e+02
8.839127197265625000e+02
5.192067260742187500e+02
6.139428100585937500e+02
8.682166748046875000e+02
6.801433715820312500e+02
7.572949218750000000e+02
5.852103271484375000e+02
6.893146362304687500e+02
5.620670166015625000e+02
6.279801635742187500e+02
7.494261474609375000e+02
6.855175781250000000e+02
8.584352416992187500e+02
5.999935913085937500e+02
9.986978759765625000e+02
9.646290893554687500e+02
8.348503417968750000e+02
9.700137329101562500e+02
6.585003051757812500e+02
7.943414916992187500e+02
6.562998657226562500e+02
7.394244384765625000e+02
6.785100097656250000e+02
7.478653564453125000e+02
6.030512084960937500e+02
8.482578125000000000e+02
7.955627441406250000e+02
7.547556152343750000e+02
7.762598876953125000e+02
6.964550781250000000e+02
8.846102905273437500e+02
7.464094848632812500e+02
6.520923461914062500e+02
7.877611694335937500e+02
6.229447631835937500e+02
6.526530151367187500e+02
8.581564941406250000e+02
7.992049560546875000e+02
9.480556030273437500e+02
9.613252563476562500e+02
9.933162231445312500e+02
9.276318359375000000e+02
9.505614624023437500e+02
9.421894531250000000e+02
9.331005859375000000e+02
9.473952026367187500e+02
9.504447631835937500e+02
9.518635253906250000e+02
9.492103881835937500e+02
9.132805786132812500e+02
9.474855346679687500e+02
7.916958618164062500e+02
9.040543823242187500e+02
8.250581054687500000e+02
8.076586303710937500e+02
8.604753417968750000e+02
8.993857421875000000e+02
8.154583129882812500e+02
8.868621826171875000e+02
8.968933715820312500e+02
8.931491088867187500e+02
9.081400146484375000e+02
9.073486938476562500e+02
8.012349243164062500e+02
9.239375000000000000e+02
8.254312133789062500e+02
8.754827117919921875e+01
1.118198699951171875e+02
9.159185791015625000e+01
1.011335601806640625e+02
1.010210723876953125e+02
9.097796630859375000e+01
8.260111236572265625e+01
9.622130584716796875e+01
1.107674255371093750e+02
9.714259338378906250e+01
9.637077331542968750e+01
9.568360900878906250e+01
1.154142913818359375e+02
1.212972259521484375e+02
1.312286682128906250e+02
1.378251647949218750e+02
1.616125488281250000e+02
1.168874816894531250e+02
1.158897247314453125e+02
1.153408584594726562e+02
1.141692581176757812e+02
1.291240997314453125e+02
1.115810699462890625e+02
8.524170684814453125e+01
1.022850799560546875e+02
8.973365020751953125e+01
1.371043243408203125e+02
1.335395355224609375e+02
1.364036407470703125e+02
1.368305816650390625e+02
1.532505187988281250e+02
1.832831115722656250e+02
1.869422149658203125e+02
1.619920196533203125e+02
1.604345550537109375e+02
2.138944854736328125e+02
1.834948120117187500e+02
2.546006622314453125e+02
1.925317077636718750e+02
2.272305450439453125e+02
2.125792541503906250e+02
1.853557739257812500e+02
1.959443969726562500e+02
1.524656219482421875e+02
1.828235015869140625e+02
2.006600646972656250e+02
1.598300781250000000e+02
1.862591400146484375e+02
2.075043029785156250e+02
1.606940460205078125e+02
1.710764617919921875e+02
1.778122711181640625e+02
1.779484405517578125e+02
1.662620086669921875e+02
1.698737945556640625e+02
1.723902740478515625e+02
1.657774047851562500e+02
1.574696044921875000e+02
2.100440521240234375e+02
1.500002746582031250e+02
1.908220825195312500e+02
1.246459503173828125e+02
1.429212493896484375e+02
1.158426971435546875e+02
1.556627502441406250e+02
1.199493179321289062e+02
1.417929687500000000e+02
1.345062408447265625e+02
1.452462615966796875e+02
1.512848510742187500e+02
1.556629180908203125e+02
1.657231750488281250e+02
1.620030822753906250e+02
1.608936614990234375e+02
1.741208801269531250e+02
1.354574279785156250e+02
1.423499603271484375e+02
1.259239959716796875e+02
1.525497131347656250e+02
1.291992797851562500e+02
1.320350952148437500e+02
1.542110443115234375e+02
1.823644866943359375e+02
1.631392364501953125e+02
1.750197601318359375e+02
1.505588073730468750e+02
1.360600128173828125e+02
1.461978302001953125e+02
1.729612731933593750e+02
1.148710327148437500e+02
1.803571929931640625e+02
1.355169677734375000e+02
1.145023651123046875e+02
1.518651580810546875e+02
1.143166351318359375e+02
1.365593872070312500e+02
1.108592910766601562e+02
1.024189224243164062e+02
9.263806915283203125e+01
8.537844848632812500e+01
1.038412017822265625e+02
1.013569717407226562e+02
9.862298583984375000e+01
8.344209289550781250e+01
1.022720947265625000e+02
9.360129547119140625e+01
9.308726501464843750e+01
9.215097045898437500e+01
9.148744964599609375e+01
1.038788528442382812e+02
1.190567321777343750e+02
1.094519958496093750e+02
1.234283294677734375e+02
8.717509460449218750e+01
1.186147155761718750e+02
1.042024078369140625e+02
1.456899108886718750e+02
1.550542755126953125e+02
1.444309997558593750e+02
1.545122833251953125e+02
1.236304244995117188e+02
1.527288208007812500e+02
1.267372665405273438e+02
1.061692276000976562e+02
1.033334655761718750e+02
1.382378692626953125e+02
1.517162475585937500e+02
1.385332489013671875e+02
1.646072540283203125e+02
1.294812622070312500e+02
1.672903900146484375e+02
2.045305633544921875e+02
1.729856872558593750e+02
1.461738433837890625e+02
1.227615509033203125e+02
1.428715667724609375e+02
1.314363098144531250e+02
1.385294189453125000e+02
1.242626647949218750e+02
1.375770874023437500e+02
1.676434631347656250e+02
1.504712524414062500e+02
2.094595031738281250e+02
1.828246765136718750e+02
2.351132354736328125e+02
2.269636993408203125e+02
2.562330627441406250e+02
2.656339416503906250e+02
2.730003967285156250e+02
2.531549682617187500e+02
2.802584228515625000e+02
2.611684875488281250e+02
2.573330993652343750e+02
2.489051055908203125e+02
2.307885131835937500e+02
2.297942657470703125e+02
2.075027923583984375e+02
2.383246765136718750e+02
2.574001159667968750e+02
2.717666625976562500e+02
2.451865692138671875e+02
2.675031127929687500e+02
2.095543060302734375e+02
2.377748565673828125e+02
2.422628326416015625e+02
2.521737976074218750e+02
2.081969299316406250e+02
2.596570434570312500e+02
2.207152252197265625e+02
2.541056365966796875e+02
2.196984405517578125e+02
2.202020263671875000e+02
1.849743041992187500e+02
2.499210510253906250e+02
1.844078826904296875e+02
2.254029235839843750e+02
2.130201416015625000e+02
2.158210754394531250e+02
2.106056823730468750e+02
1.924486541748046875e+02
1.823752593994140625e+02
2.365533905029296875e+02
2.070490112304687500e+02
2.769345703125000000e+02
2.182214355468750000e+02
2.601203002929687500e+02
3.221791687011718750e+02
2.552621002197265625e+02
3.464871520996093750e+02
3.068656311035156250e+02
3.197891235351562500e+02
3.230624694824218750e+02
2.779761352539062500e+02
3.042889709472656250e+02
2.409041595458984375e+02
1.998360900878906250e+02
2.167581481933593750e+02
2.877924804687500000e+02
2.588593139648437500e+02
2.798294982910156250e+02
1.959157714843750000e+02
2.196349029541015625e+02
2.450365447998046875e+02
2.516537322998046875e+02
1.804123382568359375e+02
2.128240203857421875e+02
1.689478759765625000e+02
1.776697998046875000e+02
1.766945495605468750e+02
2.145375671386718750e+02
1.278151779174804688e+02
2.067896118164062500e+02
1.407042083740234375e+02
1.272975540161132812e+02
1.745942535400390625e+02
2.319170684814453125e+02
1.830054779052734375e+02
2.252053680419921875e+02
1.889478149414062500e+02
1.707986297607421875e+02
2.637337646484375000e+02
2.431809844970703125e+02
3.306737670898437500e+02
2.389905700683593750e+02
2.844148254394531250e+02
3.077820129394531250e+02
2.577561340332031250e+02
2.685498352050781250e+02
2.638279418945312500e+02
2.580695190429687500e+02
2.274043731689453125e+02
2.458362274169921875e+02
2.040881347656250000e+02
2.355239868164062500e+02
2.541618347167968750e+02
2.800818481445312500e+02
1.942880859375000000e+02
2.759230041503906250e+02
2.084398956298828125e+02
2.889374084472656250e+02
2.504865417480468750e+02
2.048938293457031250e+02
2.760592041015625000e+02
2.403660430908203125e+02
1.518417053222656250e+02
2.202248382568359375e+02
2.073294830322265625e+02
2.820285949707031250e+02
2.767472534179687500e+02
2.218392028808593750e+02
2.554203338623046875e+02
2.033368835449218750e+02
2.157623596191406250e+02
2.176168212890625000e+02
1.968714599609375000e+02
1.303311309814453125e+02
1.544077453613281250e+02
2.623222656250000000e+02
2.562924499511718750e+02
2.231847076416015625e+02
1.611201629638671875e+02
2.597626342773437500e+02
2.306247100830078125e+02
2.306694946289062500e+02
2.584728698730468750e+02
2.336865844726562500e+02
2.433205718994140625e+02
2.821050720214843750e+02
2.131642150878906250e+02
1.838034515380859375e+02
2.185241699218750000e+02
1.545047912597656250e+02
2.249050445556640625e+02
3.278090515136718750e+02
2.700307312011718750e+02
2.380929260253906250e+02
2.682912902832031250e+02
3.185721435546875000e+02
2.139580230712890625e+02
2.486103363037109375e+02
2.588271179199218750e+02
2.725646667480468750e+02
2.546821441650390625e+02
2.042098541259765625e+02
2.533914031982421875e+02
3.651567077636718750e+02
3.380304260253906250e+02
2.750368652343750000e+02
3.697392883300781250e+02
2.846552124023437500e+02
3.821049804687500000e+02
4.162481994628906250e+02
3.295374145507812500e+02
4.716212158203125000e+02
2.671494445800781250e+02
3.293919067382812500e+02
3.081294860839843750e+02
3.507269897460937500e+02
2.501528778076171875e+02
2.668751525878906250e+02
2.040822448730468750e+02
2.771008300781250000e+02
1.421198120117187500e+02
2.066754150390625000e+02
2.322033233642578125e+02
2.120702819824218750e+02
2.036564483642578125e+02
1.622089538574218750e+02
1.708397827148437500e+02
2.134418792724609375e+02
1.546253051757812500e+02
1.969250488281250000e+02
1.452863159179687500e+02
1.779266815185546875e+02
1.324834136962890625e+02
1.503254241943359375e+02
1.348085021972656250e+02
1.081354370117187500e+02
1.161298294067382812e+02
1.580863800048828125e+02
9.555297088623046875e+01
8.976940917968750000e+01
8.542574310302734375e+01
1.006966781616210938e+02
8.873991394042968750e+01
9.435886383056640625e+01
1.021261291503906250e+02
1.055076751708984375e+02
1.059151992797851562e+02
1.079687957763671875e+02
1.078064346313476562e+02
1.031989746093750000e+02
1.256497268676757812e+02
1.508836364746093750e+02
1.297893218994140625e+02
1.716086273193359375e+02
1.342222290039062500e+02
1.944114532470703125e+02
1.650760803222656250e+02
1.995648040771484375e+02
1.897671813964843750e+02
1.834587554931640625e+02
2.056776885986328125e+02
2.037810516357421875e+02
2.451375732421875000e+02
2.886489562988281250e+02
2.747596130371093750e+02
3.036741333007812500e+02
3.557251892089843750e+02
2.735092773437500000e+02
3.767493286132812500e+02
1.990517730712890625e+02
2.841210632324218750e+02
2.981147766113281250e+02
2.665067138671875000e+02
3.791662292480468750e+02
3.736728210449218750e+02
2.896072998046875000e+02
2.623115539550781250e+02
2.801237182617187500e+02
3.065141296386718750e+02
3.651327209472656250e+02
3.203153991699218750e+02
4.030934753417968750e+02
4.529992980957031250e+02
2.280619812011718750e+02
3.452902526855468750e+02
3.654932250976562500e+02
4.230454711914062500e+02
3.182305908203125000e+02
3.059181823730468750e+02
2.838808288574218750e+02
2.837019958496093750e+02
2.201294555664062500e+02
1.590547180175781250e+02
2.826174926757812500e+02
2.340612030029296875e+02
1.989143981933593750e+02
2.687507324218750000e+02
2.890015258789062500e+02
3.115797424316406250e+02
3.457251892089843750e+02
3.222525939941406250e+02
2.857625427246093750e+02
2.597009582519531250e+02
1.796446990966796875e+02
1.988723754882812500e+02
2.420919647216796875e+02
2.173978576660156250e+02
2.664246520996093750e+02
2.425884704589843750e+02
2.058742523193359375e+02
2.746140441894531250e+02
1.677021942138671875e+02
1.532369079589843750e+02
2.129125213623046875e+02
1.745825500488281250e+02
1.787743072509765625e+02
1.717594604492187500e+02
2.281783142089843750e+02
2.100589752197265625e+02
2.209656372070312500e+02
2.533422088623046875e+02
2.338429565429687500e+02
2.705300292968750000e+02
3.124174194335937500e+02
2.510595855712890625e+02
2.150535583496093750e+02
2.171855163574218750e+02
2.378275604248046875e+02
2.378020019531250000e+02
2.667310791015625000e+02
2.786454467773437500e+02
2.463040008544921875e+02
2.607009277343750000e+02
3.026647949218750000e+02
2.571512756347656250e+02
2.245422210693359375e+02
2.706039428710937500e+02
2.178926391601562500e+02
2.579975585937500000e+02
2.721893615722656250e+02
2.619738464355468750e+02
3.096156005859375000e+02
2.934698791503906250e+02
3.273497009277343750e+02
2.915659790039062500e+02
2.132285308837890625e+02
1.777401580810546875e+02
2.321825408935546875e+02
3.039748840332031250e+02
2.563775634765625000e+02
2.073668975830078125e+02
2.541434326171875000e+02
3.154327697753906250e+02
2.920608520507812500e+02
3.113015441894531250e+02
3.374177246093750000e+02
3.221981201171875000e+02
3.892102966308593750e+02
3.158780517578125000e+02
3.720851440429687500e+02
3.656971435546875000e+02
4.298324890136718750e+02
3.289416809082031250e+02
3.584486999511718750e+02
3.556942749023437500e+02
3.148091735839843750e+02
3.490419921875000000e+02
3.762503051757812500e+02
3.374055786132812500e+02
2.423122406005859375e+02
3.312082214355468750e+02
3.693369140625000000e+02
3.176708679199218750e+02
3.268580932617187500e+02
3.156601562500000000e+02
3.604733886718750000e+02
3.732043762207031250e+02
3.667834167480468750e+02
2.268642578125000000e+02
2.255097656250000000e+02
2.324036865234375000e+02
2.663046875000000000e+02
2.042006988525390625e+02
2.084330291748046875e+02
1.743503875732421875e+02
2.049377746582031250e+02
2.197049102783203125e+02
2.414294738769531250e+02
2.112466583251953125e+02
2.240438842773437500e+02
1.990749969482421875e+02
2.309940490722656250e+02
2.084223785400390625e+02
2.293874053955078125e+02
2.238898620605468750e+02
2.223752899169921875e+02
2.302005462646484375e+02
2.041424713134765625e+02
2.383871765136718750e+02
1.930031890869140625e+02
1.861784057617187500e+02
1.833235473632812500e+02
1.776709442138671875e+02
1.894380950927734375e+02
1.601242828369140625e+02
1.918241577148437500e+02
1.625993041992187500e+02
1.492517852783203125e+02
1.538444824218750000e+02
1.585536956787109375e+02
1.270747146606445312e+02
1.031216888427734375e+02
9.411953735351562500e+01
8.385118103027343750e+01
9.804649353027343750e+01
9.277691650390625000e+01
1.122638626098632812e+02
9.305119323730468750e+01
4.567299499511718750e+02
5.595653686523437500e+02
5.291929321289062500e+02
4.385034179687500000e+02
5.242616577148437500e+02
4.438353271484375000e+02
4.750280761718750000e+02
5.359736328125000000e+02
4.453518371582031250e+02
4.497103576660156250e+02
4.280965881347656250e+02
4.574298706054687500e+02
4.072646179199218750e+02
3.996535644531250000e+02
4.312148132324218750e+02
4.408440551757812500e+02
4.198998413085937500e+02
3.966199035644531250e+02
4.082837829589843750e+02
3.824626770019531250e+02
3.468359069824218750e+02
4.282544250488281250e+02
4.428333129882812500e+02
4.206452636718750000e+02
4.244585571289062500e+02
4.943668212890625000e+02
4.017810668945312500e+02
4.737674255371093750e+02
5.801571044921875000e+02
4.640798645019531250e+02
4.916724243164062500e+02
5.549287719726562500e+02
3.927716674804687500e+02
3.890361328125000000e+02
3.516872558593750000e+02
9.501690063476562500e+02
8.498486938476562500e+02
4.748996887207031250e+02
4.465235900878906250e+02
3.689544067382812500e+02
4.281041870117187500e+02
3.955853271484375000e+02
5.380032958984375000e+02
6.572339477539062500e+02
4.883717346191406250e+02
3.845162353515625000e+02
8.547025146484375000e+02
3.989076843261718750e+02
3.511563415527343750e+02
3.817117004394531250e+02
3.472076110839843750e+02
3.910036010742187500e+02
4.279505920410156250e+02
3.804795227050781250e+02
3.588043518066406250e+02
3.745144653320312500e+02
4.222464904785156250e+02
3.284069519042968750e+02
3.617959594726562500e+02
4.923561096191406250e+02
5.590437011718750000e+02
5.107142028808593750e+02
4.197704162597656250e+02
3.765832519531250000e+02
4.178684997558593750e+02
4.002153930664062500e+02
3.784854125976562500e+02
3.367308654785156250e+02
3.608917846679687500e+02
3.684277954101562500e+02
4.095386352539062500e+02
3.564145507812500000e+02
4.118588256835937500e+02
4.403010864257812500e+02
4.608297729492187500e+02
5.037439880371093750e+02
4.819317016601562500e+02
4.265916137695312500e+02
4.303518676757812500e+02
4.455738220214843750e+02
3.929203796386718750e+02
4.098820495605468750e+02
3.716283569335937500e+02
4.137243957519531250e+02
4.204226684570312500e+02
4.192185058593750000e+02
3.756363220214843750e+02
4.234721374511718750e+02
5.682701416015625000e+02
6.180389404296875000e+02
4.324391479492187500e+02
3.878470764160156250e+02
3.983709106445312500e+02
4.287200927734375000e+02
5.841859130859375000e+02
5.518745117187500000e+02
3.470216064453125000e+02
5.148463745117187500e+02
4.818240356445312500e+02
5.498162841796875000e+02
4.785988159179687500e+02
6.671119995117187500e+02
9.816362915039062500e+02
5.425949707031250000e+02
6.890793457031250000e+02
7.579017333984375000e+02
1.997420043945312500e+02
9.037401123046875000e+02
5.565974731445312500e+02
7.315352783203125000e+02
3.065108642578125000e+02
3.715042724609375000e+02
2.943339233398437500e+02
5.650653686523437500e+02
7.763072509765625000e+02
6.698811645507812500e+02
7.965815429687500000e+02
9.103599243164062500e+02
8.672084960937500000e+02
8.430308227539062500e+02
3.463283691406250000e+02
4.181238708496093750e+02
5.933156127929687500e+02
5.979494628906250000e+02
5.322869262695312500e+02
5.919903564453125000e+02
5.922535400390625000e+02
6.341431884765625000e+02
5.810691528320312500e+02
6.851252441406250000e+02
6.576983642578125000e+02
6.750833129882812500e+02
4.985056152343750000e+02
5.444207763671875000e+02
5.386543579101562500e+02
5.947299804687500000e+02
4.938383178710937500e+02
4.744000244140625000e+02
4.724909667968750000e+02
4.892168579101562500e+02
4.612600708007812500e+02
5.120224609375000000e+02
4.816206054687500000e+02
4.923697204589843750e+02
5.313713989257812500e+02
4.970798950195312500e+02
4.737060546875000000e+02
4.825848999023437500e+02
5.009694213867187500e+02
5.251843872070312500e+02
5.058362731933593750e+02
5.046475219726562500e+02
4.866644287109375000e+02
4.924353027343750000e+02
4.717391967773437500e+02
4.888292541503906250e+02
4.858665466308593750e+02
5.014491271972656250e+02
5.026984252929687500e+02
5.224826660156250000e+02
4.766440734863281250e+02
4.775164489746093750e+02
4.908038940429687500e+02
5.011773376464843750e+02
5.359763183593750000e+02
5.239401245117187500e+02
5.023727111816406250e+02
5.175747680664062500e+02
5.048937072753906250e+02
4.926987304687500000e+02
4.963136901855468750e+02
5.078281860351562500e+02
4.682064819335937500e+02
4.689826965332031250e+02
4.976123962402343750e+02
4.591145019531250000e+02
5.370666503906250000e+02
5.104328002929687500e+02
5.370034179687500000e+02
5.124834594726562500e+02
5.536031494140625000e+02
5.755036621093750000e+02
4.769279174804687500e+02
4.217560119628906250e+02
4.518684997558593750e+02
4.249701843261718750e+02
4.221431884765625000e+02
4.002695007324218750e+02
3.819704895019531250e+02
4.113767089843750000e+02
4.090727844238281250e+02
3.993536376953125000e+02
4.014878540039062500e+02
3.885594177246093750e+02
4.072990722656250000e+02
4.078619689941406250e+02
4.186594543457031250e+02
3.847630310058593750e+02
4.450403137207031250e+02
6.866912231445312500e+02
5.871501464843750000e+02
7.676619873046875000e+02
8.584296875000000000e+02
8.287492065429687500e+02
8.544470214843750000e+02
8.666267700195312500e+02
9.028775634765625000e+02
8.321650390625000000e+02
9.106989746093750000e+02
8.458543701171875000e+02
8.727347412109375000e+02
7.942012329101562500e+02
8.578333129882812500e+02
8.528394775390625000e+02
9.046417236328125000e+02
6.000069580078125000e+02
5.709744873046875000e+02
5.527779541015625000e+02
6.446865844726562500e+02
6.324486694335937500e+02
7.012335815429687500e+02
7.329161376953125000e+02
7.229594726562500000e+02
6.632077026367187500e+02
7.061417846679687500e+02
6.849968872070312500e+02
7.394121704101562500e+02
7.039701538085937500e+02
7.081091308593750000e+02
6.852756958007812500e+02
7.560709228515625000e+02
6.485065307617187500e+02
7.150923461914062500e+02
6.589777832031250000e+02
7.188699951171875000e+02
6.652608032226562500e+02
6.962839355468750000e+02
6.621711425781250000e+02
6.887138061523437500e+02
6.063394165039062500e+02
6.472385253906250000e+02
5.999184570312500000e+02
6.068783569335937500e+02
6.453875732421875000e+02
6.695303955078125000e+02
6.029733276367187500e+02
6.692358398437500000e+02
5.716303710937500000e+02
6.691227416992187500e+02
5.776488647460937500e+02
6.231049804687500000e+02
6.328064575195312500e+02
6.437288208007812500e+02
5.757355957031250000e+02
6.926866455078125000e+02
6.393663940429687500e+02
6.639795532226562500e+02
6.373096923828125000e+02
7.134591064453125000e+02
5.779691162109375000e+02
7.132954101562500000e+02
5.926838989257812500e+02
7.485244140625000000e+02
5.841428833007812500e+02
7.418394165039062500e+02
6.223824462890625000e+02
4.920961303710937500e+02
5.179726562500000000e+02
4.391932373046875000e+02
4.439411315917968750e+02
4.433349304199218750e+02
4.534745483398437500e+02
4.485312500000000000e+02
4.282813110351562500e+02
3.964155578613281250e+02
4.545078430175781250e+02
4.365420532226562500e+02
4.327868957519531250e+02
4.195372009277343750e+02
4.196982727050781250e+02
3.760369873046875000e+02
3.563713989257812500e+02
4.489219360351562500e+02
4.119556274414062500e+02
5.191750488281250000e+02
4.475322875976562500e+02
4.992233276367187500e+02
3.674775695800781250e+02
4.963489990234375000e+02
7.620834960937500000e+02
6.064751586914062500e+02
6.727263183593750000e+02
5.717790527343750000e+02
6.596749267578125000e+02
6.116565551757812500e+02
6.890667114257812500e+02
5.977340087890625000e+02
6.676775512695312500e+02
5.919284057617187500e+02
6.361271972656250000e+02
5.403428955078125000e+02
5.875599975585937500e+02
5.763298339843750000e+02
5.906203613281250000e+02
5.461852416992187500e+02
6.584094238281250000e+02
5.789066162109375000e+02
6.707061767578125000e+02
5.924938964843750000e+02
6.613612060546875000e+02
6.060664672851562500e+02
6.337380981445312500e+02
5.908803710937500000e+02
6.137782592773437500e+02
5.957827148437500000e+02
7.027561035156250000e+02
6.200091552734375000e+02
6.758726196289062500e+02
6.257741088867187500e+02
6.866314697265625000e+02
6.334002075195312500e+02
6.748242187500000000e+02
6.165578002929687500e+02
6.755018310546875000e+02
6.493089599609375000e+02
